% # columns="iteration, evaluation, sigma, max axis length,  min axis length, all principle axes lengths  (sorted square roots of eigenvalues of C)", seed=164562, Sat Jun 13 19:22:02 2020
1 10 0.4327947315243792 1.0000437509570452 1.0 1.0 1.0000062500195313 1.0000125000781253 1.0000187501757822 1.0000250003125026 1.0000312504882864 1.0000375007031337 1.0000437509570452
2 20 0.38399901172596007 1.0149743928055042 0.9203579659242026 0.9203579659242026 0.9452712658143414 0.9655397851806 0.9888378087532433 1.0002736577712825 1.0015473487296247 1.0057985173095068 1.0149743928055042
3 30 0.34604956324998576 1.0257637955475738 0.8815163841661914 0.8815163841661914 0.9033083908149036 0.9513429377625303 0.9627240063370498 0.9853952276156419 0.9955538832573995 1.0030641948316714 1.0257637955475738
4 40 0.30378654694350127 1.0292592253546156 0.8545289641760855 0.8545289641760855 0.9032442724039975 0.9128670202983278 0.9448657166071112 0.9607661556554817 0.977301541947125 1.0038090098690409 1.0292592253546156
5 50 0.2732570403154829 1.042411607806976 0.8246078080546556 0.8246078080546556 0.8598201213352523 0.9124422541906105 0.9326793371370229 0.9381578516031732 0.9690065878607651 0.988438900449225 1.042411607806976
6 60 0.2626275839695937 1.0498170297950404 0.7893219411673174 0.7893219411673174 0.8392163036957703 0.8641379456894824 0.910978517131677 0.9337135777869697 0.9641227843640916 0.9945207615187696 1.0498170297950404
7 70 0.2410482344096791 1.061642937230307 0.7581099429241394 0.7581099429241394 0.8041884775764133 0.8783293425676566 0.8824046503584692 0.9140053671285021 0.9713633297218266 1.0231274593141035 1.061642937230307
8 80 0.24402235065630598 1.0600381522406628 0.7243724179826269 0.7243724179826269 0.786296195640696 0.837514282631646 0.8743989516736012 0.8983804909392963 0.973921379141225 1.0244125956238184 1.0600381522406628
9 90 0.22808258526398165 1.0830648903491062 0.6925684501305087 0.6925684501305087 0.7671355435388956 0.8127240955425858 0.8913888229306255 0.905509909878435 0.9526773469506072 1.0374751409480345 1.0830648903491062
10 100 0.2082421179927053 1.1198411667119494 0.6943999076283296 0.6943999076283296 0.7506884664233698 0.813435124290017 0.8568378639379032 0.8963759911314153 0.9340277722904755 1.0065810520630352 1.1198411667119494
11 110 0.18892488443840152 1.1323973894367003 0.6773606328271846 0.6773606328271846 0.7584148944172903 0.7856529246503694 0.8430842586737001 0.8956940211984665 0.8982081432123754 1.00056886750912 1.1323973894367003
12 120 0.1830761894684506 1.090842437187422 0.6616472009397458 0.6616472009397458 0.7365246469505611 0.7784694844635227 0.838333308928265 0.8579842836239568 0.9078060489859949 1.0031039264473278 1.090842437187422
13 130 0.18496796305220317 1.0961585861851655 0.6285150608746014 0.6285150608746014 0.7180352339876038 0.7605165202105361 0.8303162294395061 0.8542201847613521 0.9101689524438441 0.9957348665024501 1.0961585861851655
14 140 0.18403628191517984 1.1567207438824072 0.6116497307833528 0.6116497307833528 0.6943270990669568 0.7720394352209886 0.8103667651743554 0.8373193720678426 0.9037629654411458 0.9711265670584985 1.1567207438824072
15 150 0.1764950004195859 1.1713906438901576 0.6004293077452125 0.6004293077452125 0.731192382145619 0.7358073854568085 0.7874583347169923 0.8071879530203728 0.9169990576119136 1.0026919789393196 1.1713906438901576
16 160 0.17129008305394133 1.1410619868381928 0.5970271791852582 0.5970271791852582 0.6856852423626789 0.7334761050574541 0.7808581970028309 0.7969669400313371 0.9327434316415315 1.003319519825898 1.1410619868381928
17 170 0.16144824359731397 1.1255534451473148 0.6064025786968112 0.6064025786968112 0.6712483490169568 0.7350987725551624 0.7611442765425306 0.786071054734621 0.9193945680878669 0.984373412056728 1.1255534451473148
18 180 0.13718554061551463 1.0809692996301186 0.6059211698763203 0.6059211698763203 0.6595929563700276 0.7389548504131551 0.753220730879936 0.7847990052869672 0.9132256320876441 0.9748005277856973 1.0809692996301186
19 190 0.12491447727255135 1.0809532271621705 0.6102772628745005 0.6102772628745005 0.6282787486254736 0.7208531527368577 0.7462812567326463 0.7700572314840648 0.8743295662727852 0.9654230503305797 1.0809532271621705
20 200 0.11649734402158105 1.0520875202215734 0.5929561578864662 0.5929561578864662 0.6272104819425443 0.6836368418837606 0.7369885263984298 0.7541106511177471 0.863288762900962 0.9855276069067472 1.0520875202215734
21 210 0.11246196777794527 1.0636600028961656 0.5833239608109213 0.5833239608109213 0.611217266223422 0.6797238321896057 0.7063553008167114 0.754063705559951 0.8502336302947548 1.0093251355886572 1.0636600028961656
22 220 0.10625627134395602 1.07779984143661 0.5436969102049816 0.5436969102049816 0.5786931680330057 0.6821765452541612 0.719645673224105 0.761820078890413 0.8259942772321143 1.0096417139672247 1.07779984143661
23 230 0.10445259980809543 1.046932440508238 0.5440431005163975 0.5440431005163975 0.5494312986529547 0.697677457286669 0.7212833788672364 0.7300835777522288 0.8234371709686278 1.0076544555747458 1.046932440508238
24 240 0.09793454401578118 1.0563298292182137 0.5363038898529894 0.5363038898529894 0.5686310539704318 0.6959077580760077 0.7034439936371999 0.7369753665740516 0.8243693314690235 0.9793950623834142 1.0563298292182137
25 250 0.08830941600371475 1.065092262278157 0.5247593167340229 0.5247593167340229 0.5515720267167485 0.668223835507644 0.6932674253510187 0.7355784670776084 0.8121506696013162 0.975585797771582 1.065092262278157
26 260 0.08868568435402584 1.0685129300193277 0.5291756893323042 0.5291756893323042 0.5551993458612622 0.6513864924591138 0.6860273462752882 0.7306844596901869 0.7761023252297011 0.9440778352923194 1.0685129300193277
27 270 0.07954951862296915 1.0581160665419358 0.5217166821223979 0.5217166821223979 0.5489420076387773 0.6550284142291299 0.6978878202675778 0.7208625155875371 0.7773413254167149 0.9178112672187622 1.0581160665419358
28 280 0.08060682095482717 1.0341128570591598 0.5234172805245764 0.5234172805245764 0.5414924544537763 0.6517833079146186 0.6733252084308706 0.7055519338295495 0.7526366607782087 0.913997257476778 1.0341128570591598
29 290 0.07327147296201843 1.0571322815567123 0.5224768691795368 0.5224768691795368 0.5463978113957059 0.6138138194163286 0.6749394433082508 0.6992959573269697 0.731873237209371 0.919510648672862 1.0571322815567123
30 300 0.06324663442230913 1.0333408112516882 0.5167491789816343 0.5167491789816343 0.536579744986507 0.6157332187233867 0.6642517643037832 0.6846788964085223 0.7167460350095318 0.8723052468677676 1.0333408112516882
31 310 0.06180371955467551 1.0071515338423118 0.49013463134031865 0.49013463134031865 0.5392842370660472 0.6147716443635259 0.6310441225826529 0.6746097472779887 0.7099229221088895 0.873127976026313 1.0071515338423118
32 320 0.05772888816537302 1.051581795537504 0.48475306642373517 0.48475306642373517 0.5424262780287598 0.5727510326685643 0.6340615417393425 0.6715641659630159 0.6906988468199194 0.8627023301605247 1.051581795537504
33 330 0.05672023818915025 1.028242052570826 0.4819652972735248 0.4819652972735248 0.5408828857906681 0.5734079125233168 0.6313571568432023 0.6532160261349474 0.670038182313224 0.842447237468738 1.028242052570826
34 340 0.05198679856411783 1.0420713160143726 0.4786471942188286 0.4786471942188286 0.5210949693587543 0.5583996894612369 0.6221906298157571 0.6486472552249334 0.662721667556662 0.8300232244708602 1.0420713160143726
35 350 0.046822495473411455 1.0410577611932008 0.4646590974106189 0.4646590974106189 0.4984407089465207 0.5625789058148702 0.6043176216440174 0.6298566369842822 0.6677385488841178 0.7978084649016387 1.0410577611932008
36 360 0.043633527084496714 1.0500513544042176 0.4580562430466137 0.4580562430466137 0.4995544967027823 0.5509092904050145 0.5929234516614279 0.6085962865873464 0.6375897904581038 0.7853264577276992 1.0500513544042176
37 370 0.040797535729642155 1.0545334285095276 0.45813447103397137 0.45813447103397137 0.4851870474419945 0.5179805187512712 0.5962765176075256 0.6087459005161954 0.6201771115567168 0.7701784550934869 1.0545334285095276
38 380 0.035226099346011466 1.037472107615528 0.4466378529640917 0.4466378529640917 0.49262915957973274 0.5158398209310184 0.5761960554466091 0.5901675473380938 0.6155061152003748 0.7607037954323692 1.037472107615528
39 390 0.03147731891439379 1.0349688966353228 0.4438520067851523 0.4438520067851523 0.479085605132611 0.5059584975276317 0.539608590953862 0.5898269084005207 0.5914804141629603 0.7646434980903638 1.0349688966353228
40 400 0.03261386465849038 1.02487303041339 0.43796800736496655 0.43796800736496655 0.45366263005988333 0.5094000773652044 0.5294919519480646 0.5601007821445204 0.5896387828686679 0.7657161977425109 1.02487303041339
41 410 0.03551408971383056 1.0665304811633574 0.4095440524714895 0.4095440524714895 0.44999925014424136 0.5021315292499031 0.5113706585196522 0.5518598609748316 0.6236694829227678 0.755138056683117 1.0665304811633574
42 420 0.04082229254757956 1.124231453681655 0.42655475843119645 0.42655475843119645 0.43621096922764346 0.4625539217628414 0.51061263336493 0.5520047777321476 0.6244257005370882 0.7618852639922432 1.124231453681655
43 430 0.0440109156795662 1.2528808350611007 0.39992824135484784 0.39992824135484784 0.42612996442562756 0.4588595585605278 0.495261802016675 0.5563130555820348 0.6446197496942024 0.749064295937818 1.2528808350611007
44 440 0.040948954005149404 1.3330440485326238 0.39255766428971745 0.39255766428971745 0.4222584692640317 0.4467714185053434 0.46442190022141266 0.5416906338101055 0.6367453580497647 0.7443240094310726 1.3330440485326238
45 450 0.042335328025098824 1.348485672164861 0.35967415024117705 0.35967415024117705 0.4156829593834575 0.4440029080168503 0.45695114298808837 0.5431909280031169 0.6222665677961083 0.7421631760564025 1.348485672164861
46 460 0.038542494603039976 1.4285620436702269 0.34562858855929524 0.34562858855929524 0.4022896934880474 0.42606668879056264 0.45634212846320765 0.5532633214831425 0.6200317949402209 0.7363924372042935 1.4285620436702269
47 470 0.03525544097679364 1.400153322521214 0.33617610350612975 0.33617610350612975 0.3977679993219627 0.4242797774959243 0.4543336153705937 0.5498903197212722 0.6082255624155926 0.7215305368707413 1.400153322521214
48 480 0.03655774034765198 1.356824033233512 0.32783631651034045 0.32783631651034045 0.397949533359426 0.4180006815022087 0.4653694644739971 0.5372062326975293 0.5807111584482568 0.7202760780443445 1.356824033233512
49 490 0.033743376643839446 1.4245480403202948 0.33681046252269425 0.33681046252269425 0.3896450483305988 0.43638586518122563 0.4531706782440783 0.5501716973191209 0.5685953005859479 0.7120058383905504 1.4245480403202948
50 500 0.031887558453565355 1.3656378117192356 0.3339684403483432 0.3339684403483432 0.3767705116196596 0.4437679218778464 0.4551731146703109 0.5508542927683195 0.5665488205036134 0.6896065751145589 1.3656378117192356
51 510 0.03466445986076985 1.3231848251773202 0.34002608461661576 0.34002608461661576 0.3758533173051895 0.42578155437282267 0.44517689610982414 0.5441326826279208 0.5693455597959056 0.7011115996485764 1.3231848251773202
52 520 0.03725261559052776 1.4545388125103842 0.345138276954838 0.345138276954838 0.3739330805948334 0.41943869053047295 0.4450568304176246 0.5137797687197924 0.5588233445213014 0.6925633958267996 1.4545388125103842
53 530 0.036348776846699855 1.486633325341562 0.3454513918690033 0.3454513918690033 0.37016574056756907 0.40721327261790147 0.453359718062144 0.5155753497528411 0.5457082085903602 0.6773192626224912 1.486633325341562
54 540 0.032991294112627585 1.4511113195382965 0.3447805957593917 0.3447805957593917 0.36744824391460856 0.39405012591444843 0.4441488771593284 0.5058706477362515 0.5436391435220642 0.6727179743856021 1.4511113195382965
55 550 0.03561053119503802 1.4604033171690627 0.3455973415832936 0.3455973415832936 0.3626546626014675 0.3914824208907109 0.43478798108085404 0.507390284517695 0.518681809398471 0.6611699609698475 1.4604033171690627
56 560 0.03612879875849706 1.5018396311960236 0.32897923812340973 0.32897923812340973 0.3620030953330943 0.4031982099729191 0.4324621030277739 0.49273188892119085 0.5044467204190668 0.7057001686700107 1.5018396311960236
57 570 0.04347265968083574 1.4637809368717085 0.34153065797494736 0.34153065797494736 0.3592697866405304 0.38962586209747896 0.4361697991345293 0.48291362682391153 0.5076943398124557 0.6832502694112648 1.4637809368717085
58 580 0.04580764290384482 1.5433555414518467 0.33899888724572846 0.33899888724572846 0.352001183663679 0.39855068028680474 0.44210630391293937 0.4645876307222801 0.5094563813284969 0.6644635651034478 1.5433555414518467
59 590 0.04154449196588922 1.5098539579582129 0.3390310090995568 0.3390310090995568 0.36322493468674993 0.3876866110986541 0.42419426814124084 0.45278218796601627 0.5101372055988566 0.6357639921204378 1.5098539579582129
60 600 0.03929063570565052 1.458903803196747 0.33650630077849525 0.33650630077849525 0.3596992360432475 0.36508855449442257 0.4182167134475529 0.4567101421398005 0.5376400527809018 0.6206197176992543 1.458903803196747
61 610 0.035995767025192554 1.4318077615244627 0.31387706122845854 0.31387706122845854 0.3555815055593131 0.3660149001233858 0.4174876850321877 0.45073681437590646 0.5387513303545983 0.6286496518047002 1.4318077615244627
62 620 0.03160987915906582 1.424560054046898 0.29466848014228014 0.29466848014228014 0.34412955120245725 0.3680832029798839 0.41444967822838735 0.46040504742166827 0.5212582301850439 0.6249151034119135 1.424560054046898
63 630 0.030233554634744142 1.3476371695719755 0.28922432397529585 0.28922432397529585 0.3404637690395012 0.3607150121549812 0.40790151325690943 0.45031123868828893 0.5230122862346042 0.6122311498663178 1.3476371695719755
64 640 0.02918602683075857 1.335156616296374 0.2791532250083396 0.2791532250083396 0.34637547321131856 0.3637591956642477 0.3982126521210495 0.4381286065607982 0.5139856000404487 0.6027923616556459 1.335156616296374
65 650 0.030173810847877004 1.39336040868848 0.27672755453841413 0.27672755453841413 0.32645280080112604 0.34966634180541717 0.39412290406787903 0.4325716655043933 0.5118694431162316 0.598006768067 1.39336040868848
66 660 0.03393043382279679 1.4382944022567992 0.2721350492239447 0.2721350492239447 0.32133628098396205 0.3402818189607269 0.41018476312266955 0.41790332204259445 0.5133561122026304 0.6065484249976453 1.4382944022567992
67 670 0.03648035347369791 1.5302774215483166 0.2660769367432074 0.2660769367432074 0.31960358391481763 0.34139827588756505 0.392050116500637 0.41134874530075477 0.5053905143085844 0.627913186930538 1.5302774215483166
68 680 0.03400140347852659 1.5727858888805568 0.269225909895957 0.269225909895957 0.3124971830534122 0.33400601824573356 0.3943260350123252 0.4023869300387743 0.5069636339415688 0.6114292639650077 1.5727858888805568
69 690 0.0333240587495933 1.4799617326738383 0.2580464742738358 0.2580464742738358 0.3024257418189835 0.3326713787295792 0.4002675707782907 0.40338560436938076 0.5073570688592687 0.5972134398630152 1.4799617326738383
70 700 0.034529687295967976 1.4905668873894113 0.2475816855252295 0.2475816855252295 0.3051055314206972 0.3311333644370345 0.40075150518456587 0.41433175342394185 0.48303504816541365 0.577930579160873 1.4905668873894113
71 710 0.03373545676984474 1.5007568424824296 0.2515010484246886 0.2515010484246886 0.3055879130282254 0.33234303235247453 0.37695984254068016 0.4309212160493207 0.4752882716945427 0.5552841292016474 1.5007568424824296
72 720 0.037911449987246375 1.5439622157730224 0.24643202231302574 0.24643202231302574 0.29649581676603454 0.3189915304333834 0.36316044750364773 0.42042612815401104 0.47225274962818337 0.5482530037758471 1.5439622157730224
73 730 0.040895733111522024 1.584507218766515 0.23344138734884887 0.23344138734884887 0.28952989213092506 0.3176222322833947 0.3600072847082846 0.42451946656148065 0.5073371576356065 0.5379600387671689 1.584507218766515
74 740 0.043878253637282684 1.5239808482206407 0.22864096028264255 0.22864096028264255 0.29887303740363474 0.31817444933299865 0.356138001721929 0.41029585050847034 0.5187577764994874 0.5365879293820729 1.5239808482206407
75 750 0.04481712463723313 1.6089521366814548 0.2267388927519798 0.2267388927519798 0.28741611397261546 0.3028780513555149 0.3551440183966588 0.41735251439585447 0.5123846134884829 0.5393881668362598 1.6089521366814548
76 760 0.0512680090777574 1.6576678870222412 0.2264904555160203 0.2264904555160203 0.2861453618495481 0.2977950538688779 0.34059357420135916 0.41868503637113036 0.5097525763380722 0.5139407457805514 1.6576678870222412
77 770 0.04795998433736685 1.7580329840829947 0.22767809271247405 0.22767809271247405 0.27978170196227564 0.2896252401727817 0.3391508005602666 0.405174705781378 0.4972646095611655 0.5273564361203052 1.7580329840829947
78 780 0.047994604466317044 1.7158499317436366 0.2256210814602218 0.2256210814602218 0.27366568174873135 0.2912940999940386 0.33312597165806207 0.3956780582036676 0.49524720353549007 0.519173695684263 1.7158499317436366
79 790 0.04533432236825447 1.7087604911203633 0.21796060309428994 0.21796060309428994 0.27307943407522345 0.2817447400769303 0.34411466765343185 0.3921290106520166 0.4793139143703646 0.5234542224616096 1.7087604911203633
80 800 0.03998630111328913 1.6639898927388872 0.21446573584678957 0.21446573584678957 0.2744931863300227 0.27958459668676994 0.34730027562601895 0.37609268244433525 0.484771245768457 0.5224960293850994 1.6639898927388872
81 810 0.036286478382197965 1.5856124339618722 0.2072435207656809 0.2072435207656809 0.2706338519409067 0.2789349509306947 0.3475191130887361 0.36596747268571206 0.4841533625949541 0.5134912210666516 1.5856124339618722
82 820 0.034850797417180696 1.5340522066181792 0.20376474155043847 0.20376474155043847 0.26065893613563046 0.27769927668393635 0.346767474027781 0.36687939735285247 0.47270768859266843 0.5137913021516393 1.5340522066181792
83 830 0.03282332794689765 1.5476903258758854 0.2008500447684516 0.2008500447684516 0.25800783709668473 0.26900663496022464 0.3401723901248767 0.3633929675026868 0.46307833460832354 0.5174327054153489 1.5476903258758854
84 840 0.032310491663311125 1.4644956200917074 0.19751825013974078 0.19751825013974078 0.2518324935838061 0.2698881759381703 0.34372043088935866 0.3671883244814939 0.4581962029610178 0.4941952742153773 1.4644956200917074
85 850 0.0314976130816646 1.407178044421454 0.1879296810065338 0.1879296810065338 0.2501646866254426 0.27042851098911863 0.35005112122627613 0.3683833939650133 0.4502787360173523 0.4971387230109115 1.407178044421454
86 860 0.028769250833117942 1.4040004880188848 0.1916712400144382 0.1916712400144382 0.2489801283837481 0.2609302988382753 0.34863884086722663 0.3694073505030952 0.439471609249537 0.48276768297535644 1.4040004880188848
87 870 0.0281592168720721 1.3929499369248477 0.19061220098765652 0.19061220098765652 0.24677473514417436 0.2614770113586417 0.33575879386372237 0.35844767528702 0.4391282336840393 0.4536919508959356 1.3929499369248477
88 880 0.027289843217160405 1.3693967249799102 0.1888781477377011 0.1888781477377011 0.2491664097188188 0.2572965915539494 0.3281989399277803 0.3592295570585615 0.43056981118000764 0.44921994432100343 1.3693967249799102
89 890 0.028560056308380783 1.361859892966298 0.17536649759758985 0.17536649759758985 0.25010342196442825 0.2551782146901066 0.3256759919897366 0.35866365571880654 0.4263535262256006 0.44466814039946984 1.361859892966298
90 900 0.0331119739596051 1.397440430683531 0.1815264005017171 0.1815264005017171 0.24020393648038282 0.25838298420723316 0.32733014196985716 0.36970849218434737 0.40512779996357173 0.43685272485072657 1.397440430683531
91 910 0.03706607074415629 1.3714213395487602 0.1951665509236316 0.1951665509236316 0.24053467665622097 0.2549121435309808 0.3331464531102972 0.37136767393574777 0.4029905899699011 0.44140910743418077 1.3714213395487602
92 920 0.03726781427307649 1.3931487076734015 0.1896080154392405 0.1896080154392405 0.23970890688304208 0.252145077604144 0.3309148043037888 0.36964959314751655 0.4035976268229296 0.4550258501151195 1.3931487076734015
93 930 0.037618875971486394 1.4636381566417536 0.18925851688034986 0.18925851688034986 0.22394236494565567 0.24824437242737485 0.3286632997760299 0.3659847841168068 0.39215835920459374 0.4431479306062045 1.4636381566417536
94 940 0.035808261686642515 1.4568084260954701 0.18541980238923453 0.18541980238923453 0.2287807871944386 0.24265034278855652 0.31818301564355667 0.3688048709501964 0.3912035766867237 0.43454291165281134 1.4568084260954701
95 950 0.033447641291962406 1.4727826191353244 0.17153051492485183 0.17153051492485183 0.22478935468521777 0.24215767536287308 0.3220519038305932 0.3650366811441879 0.391911534716565 0.42850408750226104 1.4727826191353244
96 960 0.03227444831311715 1.4333392680311035 0.17203054349153654 0.17203054349153654 0.21397646056882963 0.23273659050911602 0.31868528526661277 0.36096047856500224 0.39863287291816285 0.4187587123310569 1.4333392680311035
97 970 0.03438794145534427 1.4173489622496713 0.16681299320711052 0.16681299320711052 0.21904595975766541 0.23194703227518362 0.31518829432537143 0.3690786900322649 0.37557327828167325 0.40894170233818417 1.4173489622496713
98 980 0.03493385297328864 1.4171803123738071 0.1661985898103849 0.1661985898103849 0.21431301600620922 0.23262103708804172 0.3256723134276231 0.36435412577197573 0.37329306169448867 0.4153240736513097 1.4171803123738071
99 990 0.042610405504372555 1.4090631554727893 0.16697463618276345 0.16697463618276345 0.21250098236816864 0.22863176525152915 0.33581965680339265 0.3516862961995201 0.3676258913851238 0.40380457480515347 1.4090631554727893
100 1000 0.042852279608260206 1.3862078527282986 0.1727104706953564 0.1727104706953564 0.21288990992609458 0.23349271604218166 0.335553097689672 0.3526136369717986 0.3602672529661884 0.40706882619220464 1.3862078527282986
101 1010 0.03891317729931846 1.3362242603698753 0.16658091339300662 0.16658091339300662 0.21308111405470284 0.22853022988955035 0.3274454705495694 0.3543922599372561 0.3597858064556928 0.40071677360548574 1.3362242603698753
102 1020 0.03890183465688993 1.3292857859161455 0.16501254459914094 0.16501254459914094 0.20328484511338588 0.2233564502227084 0.3094193585752361 0.3453121279350337 0.3605664808184058 0.3933340777831464 1.3292857859161455
103 1030 0.04200047030800612 1.3264347735741289 0.1629029481350164 0.1629029481350164 0.2030936722548181 0.2262536348652016 0.30310227054589906 0.34180787934832824 0.34725724244854567 0.3904031551419066 1.3264347735741289
104 1040 0.04302224119714325 1.2732217752817527 0.16653818716403465 0.16653818716403465 0.20400769802384203 0.2311511881315915 0.2911536972043868 0.3453779990283739 0.35311673776616026 0.39947183932999775 1.2732217752817527
105 1050 0.04593055477607467 1.2144943391972394 0.16715451664609923 0.16715451664609923 0.2054873045041088 0.23809703498225288 0.29255249616074064 0.324540149570121 0.35504891833246843 0.39663076272342607 1.2144943391972394
106 1060 0.050928698041963594 1.2328949816674863 0.16950890553404377 0.16950890553404377 0.19839469812468385 0.24228493123619205 0.2851871863611301 0.31282446155779475 0.3578924672360035 0.40478583272501595 1.2328949816674863
107 1070 0.05098114027567376 1.1921512925135278 0.17473919197022889 0.17473919197022889 0.19886759847488722 0.23905185813228846 0.2733869181925893 0.3134172015246304 0.3594222989852935 0.42056317476243854 1.1921512925135278
108 1080 0.05278373927057413 1.1547543857429836 0.16947261743378172 0.16947261743378172 0.19744898593109725 0.23637122586713394 0.27265237149575255 0.3021337709962457 0.37011293947041735 0.4193270962651539 1.1547543857429836
109 1090 0.053123393016607276 1.2094344057446793 0.1723136862040906 0.1723136862040906 0.19951814955284125 0.22078681311801218 0.2749611239115735 0.2978616629735413 0.35283974972607 0.4205924953009785 1.2094344057446793
110 1100 0.05336292854348742 1.2159103678387626 0.17179182002771143 0.17179182002771143 0.1956380481894127 0.21973689325155063 0.26404928632910757 0.29504324459289333 0.3523840934979797 0.4252957768317868 1.2159103678387626
111 1110 0.05530406819930409 1.2093622410989753 0.1621778325052024 0.1621778325052024 0.18975637815071447 0.2127074385365845 0.2625921419577954 0.30288894470190325 0.35091472302611565 0.435439490436475 1.2093622410989753
112 1120 0.058053395011459424 1.2088542079882403 0.1622530280985474 0.1622530280985474 0.1953887811801838 0.21067387828483172 0.2615843348579156 0.29447534299723727 0.3478199957232938 0.43666433585236747 1.2088542079882403
113 1130 0.05774803755419652 1.1514012529660382 0.1630202056086437 0.1630202056086437 0.1956919544397109 0.20733421669197702 0.2621599145464331 0.28972921795153517 0.347548560892282 0.4534287693670335 1.1514012529660382
114 1140 0.05258424890227678 1.118862805720152 0.15593611933654042 0.15593611933654042 0.19534910349087212 0.2046141050519678 0.2575940397977287 0.28911044044081435 0.34774526063530925 0.45066007623740006 1.118862805720152
115 1150 0.047744843816115504 1.1081840510952208 0.15458080941589597 0.15458080941589597 0.19265027207498192 0.20102552997883122 0.2533803216989738 0.27679779119714765 0.3488769089948498 0.4429358856254305 1.1081840510952208
116 1160 0.04754291138621016 1.0945245794399028 0.15182796024828116 0.15182796024828116 0.18943383944766148 0.19712097951562607 0.2584971240595538 0.26537210154967694 0.34353017019520377 0.43356392332208893 1.0945245794399028
117 1170 0.05406440288751889 1.1640755341094604 0.1505273652119314 0.1505273652119314 0.1824238675970126 0.19580874523058298 0.25162275815919727 0.26583747856800344 0.33775316677563005 0.4222764008934499 1.1640755341094604
118 1180 0.05281639346656609 1.1846089595710614 0.1474365386867495 0.1474365386867495 0.1839595321123974 0.21295745999339202 0.2456197772613099 0.2764674925069913 0.3321860819586576 0.4142982332770724 1.1846089595710614
119 1190 0.052072359390667435 1.220675457084852 0.1428348956989688 0.1428348956989688 0.18241350210355076 0.2120898824994377 0.24310202421613636 0.2759634682560592 0.3234248706451128 0.3976626452985752 1.220675457084852
120 1200 0.04856441172694279 1.215287672995838 0.13611266227952973 0.13611266227952973 0.18367481319243953 0.2124009117766792 0.2264109697438814 0.27511979102922673 0.332278157099944 0.40517724789765924 1.215287672995838
121 1210 0.04894390094043558 1.2154088559758363 0.13127293011141306 0.13127293011141306 0.17181144413696378 0.20596000890364818 0.2221960737137931 0.2707128025508754 0.336464608009338 0.4055135429178299 1.2154088559758363
122 1220 0.050237084928477525 1.1630671704315734 0.13152530650680358 0.13152530650680358 0.17066630551891243 0.19680896083886157 0.22860590952722273 0.2675842345334301 0.3374599397870717 0.4047818827798793 1.1630671704315734
123 1230 0.05000696360750268 1.084717455661338 0.13326413580030114 0.13326413580030114 0.17073883463908346 0.19254111795765103 0.23238737652293284 0.2679101676004065 0.3410204438610216 0.41448820848213347 1.084717455661338
124 1240 0.050077029827119326 1.08600724889768 0.13035574871660102 0.13035574871660102 0.16874673107838994 0.19009584694990192 0.23179131892939206 0.2684023298782092 0.33895110135078194 0.4168908191988555 1.08600724889768
125 1250 0.05125110737457528 1.0036124948943947 0.12715749049804556 0.12715749049804556 0.16535589231909797 0.18571578553139323 0.22874963087636663 0.2689769992317342 0.34106033679799264 0.4389607903533264 1.0036124948943947
126 1260 0.05453385868261836 1.0049115599472842 0.12410120932047701 0.12410120932047701 0.1605694197784249 0.18097030963302282 0.22588089183282356 0.26880660651443805 0.3498705888702305 0.4461892521909983 1.0049115599472842
127 1270 0.06073111889014525 1.0800547252400732 0.12462217881092609 0.12462217881092609 0.15417386495086843 0.18417900504607682 0.22443868852570834 0.25842591935350456 0.3488843536028239 0.44271295283249035 1.0800547252400732
128 1280 0.05831536961784788 1.1353848973191398 0.12557372465133382 0.12557372465133382 0.15803502997319294 0.18243022183389213 0.21533203917138447 0.2649334523871544 0.3475716829921346 0.42147302924806823 1.1353848973191398
129 1290 0.059986294670741194 1.1209243932163007 0.12619024170693913 0.12619024170693913 0.15599002990358796 0.18052671564930284 0.21377442622388623 0.26740307432033505 0.34510727795733376 0.39233976733580794 1.1209243932163007
130 1300 0.0625856935844919 1.1391766215975765 0.11840464172197925 0.11840464172197925 0.1551847837088474 0.1799976438634836 0.21653936433469376 0.26564456617523896 0.33658495364364793 0.3875849726945051 1.1391766215975765
131 1310 0.059375217493543866 1.170398024224864 0.11854594353676325 0.11854594353676325 0.15559819280608025 0.16803163580736238 0.2227752307270969 0.2535953243973344 0.33768623132543785 0.3817754636845527 1.170398024224864
132 1320 0.05689548743825743 1.1607790735439547 0.11555047023182405 0.11555047023182405 0.1480289412212606 0.16631761637788123 0.22026853075045258 0.25203503179724546 0.33810275630920356 0.3672229064663206 1.1607790735439547
133 1330 0.05969594399018472 1.1458722769902694 0.1152999127998163 0.1152999127998163 0.14760277939705319 0.16069692067130883 0.22607783639446344 0.24423619780845585 0.32844768887740955 0.3709067372763143 1.1458722769902694
134 1340 0.062461615065868815 1.1012962946226768 0.11449407061886617 0.11449407061886617 0.14560535371815214 0.16397469307487356 0.22279066527870248 0.23871945840555184 0.33313023819924625 0.3686122075778419 1.1012962946226768
135 1350 0.06479059444720461 1.1268829264037283 0.11430292094986297 0.11430292094986297 0.14162267273750087 0.16506023557193167 0.23304714063742168 0.24023237896387684 0.31410228980450106 0.35899859223878705 1.1268829264037283
136 1360 0.06886711983308891 1.1417236909382882 0.10880070278804894 0.10880070278804894 0.14117166116973767 0.17133631472717953 0.22300151300194168 0.24181042778642842 0.31684869196207155 0.35523116293100143 1.1417236909382882
137 1370 0.06634153249463672 1.1078014780928167 0.10472566236050926 0.10472566236050926 0.13593232680108772 0.1847097069205536 0.22442249710767906 0.24274532267265092 0.30765924383908033 0.34937672026192046 1.1078014780928167
138 1380 0.07079459967937211 1.0598450771072319 0.10555178003939908 0.10555178003939908 0.132408087766188 0.1855860923199645 0.2193949398219611 0.24028916810946688 0.3028064442168866 0.3516629027121301 1.0598450771072319
139 1390 0.07646785544539138 1.0483952051238081 0.10279416284838315 0.10279416284838315 0.13130602129380456 0.18907624038495274 0.2178375250878977 0.2342935273459512 0.29984754122239654 0.35703401302062504 1.0483952051238081
140 1400 0.07413376581714669 1.0131771827335938 0.10106302000576134 0.10106302000576134 0.13085771341871774 0.19690965807950886 0.22369677910862215 0.2367743391499953 0.2878824563068053 0.36230513216088556 1.0131771827335938
141 1410 0.06847854614806814 1.003413755449542 0.09550719812896005 0.09550719812896005 0.13491050969232463 0.19349017107276872 0.22349426884482312 0.23766942985584197 0.2811162572788214 0.3479187118589586 1.003413755449542
142 1420 0.05909938188497188 0.9896950532981327 0.09576710701429424 0.09576710701429424 0.13191444111323766 0.19297661743580938 0.21715947659626184 0.23368176778322064 0.2788143209186215 0.3311821438799776 0.9896950532981327
143 1430 0.053979828913146316 0.9184131037826448 0.09520944545896678 0.09520944545896678 0.12976679988706022 0.19061911525664768 0.2114688495217136 0.23194960685498162 0.2785245585902909 0.32549342348642796 0.9184131037826448
144 1440 0.05296362673640905 0.9277227530329393 0.0929262463477745 0.0929262463477745 0.13159714666565608 0.19139585723318353 0.20187650144167207 0.2284396685739466 0.26936507257613174 0.3142962370455143 0.9277227530329393
145 1450 0.05805339358534925 0.9296320664916873 0.09335661322130216 0.09335661322130216 0.1305375058612135 0.1870489414848214 0.20182478357333813 0.22025074964623326 0.27198107770910596 0.31213836021761826 0.9296320664916873
146 1460 0.06542861461760452 1.0428638017823049 0.09355470292922392 0.09355470292922392 0.13048433143990573 0.18597678448207988 0.1897563144130365 0.2230331722593225 0.2575703910309473 0.3103118551032709 1.0428638017823049
147 1470 0.07366427509102612 1.1304052785282945 0.09140746971797659 0.09140746971797659 0.12606077306644733 0.181874235017532 0.18782242116278944 0.22535569428015234 0.2399401494148056 0.3266510259923143 1.1304052785282945
148 1480 0.08386286517521563 1.129784973191386 0.09026512644650378 0.09026512644650378 0.124653069557815 0.1785001703179421 0.18609004459090953 0.22201380151930988 0.24441045393054245 0.338033911874143 1.129784973191386
149 1490 0.0959684090488517 1.1509414633100916 0.09074653059989723 0.09074653059989723 0.124902022954827 0.17719422492698875 0.18312747482248345 0.20293301193326113 0.24047276744094565 0.37262171879659933 1.1509414633100916
150 1500 0.10551137211500197 1.2023205948038043 0.08633225062388375 0.08633225062388375 0.12413410855879209 0.17694421456886156 0.17963878789111817 0.20087086545270236 0.23819399808160616 0.3968824406528675 1.2023205948038043
151 1510 0.10255667228436736 1.1894829382605887 0.08537739210637449 0.08537739210637449 0.12545962545803233 0.17203214016731824 0.18197771001320462 0.19809714859097233 0.2342081080157955 0.4023595175149569 1.1894829382605887
152 1520 0.08854446552013472 1.1174712706118453 0.08648272045193568 0.08648272045193568 0.12484512407133541 0.17231658234683797 0.18047870590325438 0.19816184889874938 0.22286015407600243 0.39560373292243856 1.1174712706118453
153 1530 0.08699728290759982 1.1111591545606547 0.08520584231384667 0.08520584231384667 0.12159300730750773 0.1679316328432585 0.18134225963810996 0.18693993659379493 0.21830167374440912 0.39673087930342515 1.1111591545606547
154 1540 0.08222084459501294 1.096414835568502 0.08472824476338144 0.08472824476338144 0.11976813002473283 0.1590470908280912 0.17729355772884534 0.18676456298681388 0.22509929061939654 0.3962159913346436 1.096414835568502
155 1550 0.07952356474279274 1.0731987399090452 0.08235640341049458 0.08235640341049458 0.11864785637392199 0.15366709710043075 0.1805593884618742 0.1884002424195066 0.2281504240652297 0.3750388002821078 1.0731987399090452
156 1560 0.07923867472686705 1.1124887638999021 0.08526921971801386 0.08526921971801386 0.12015377746026168 0.14962724900444346 0.17158844569914009 0.18553831792935663 0.22757581447240552 0.3630321391700163 1.1124887638999021
157 1570 0.07774595069577446 1.089680166000615 0.08194803594946516 0.08194803594946516 0.1212385793871728 0.1460503257497469 0.17716995320030093 0.18848579235532414 0.2210820872152122 0.3602654264653962 1.089680166000615
158 1580 0.06888916200938855 1.0196651469568863 0.08122226703965957 0.08122226703965957 0.12004047614419668 0.1461275499401273 0.17489496539229377 0.19520773438080433 0.2186774146784125 0.3548138372167326 1.0196651469568863
159 1590 0.061184005491581345 0.9890278922308404 0.08036871098586927 0.08036871098586927 0.11639835448412575 0.14480532816207672 0.17218208833014298 0.18979647539731898 0.21926609130181202 0.3492646917722578 0.9890278922308404
160 1600 0.056393121726421684 0.9507800872992418 0.08044268322458574 0.08044268322458574 0.11382847589361633 0.14435181610016704 0.1693471423611875 0.1892309627755973 0.21410923256572673 0.3427178945078492 0.9507800872992418
161 1610 0.05245335702076149 0.9335683307426378 0.07849771318466255 0.07849771318466255 0.10774703464542484 0.14128483590707092 0.16808504285945602 0.1924822412355026 0.21234535503800428 0.3417622388654399 0.9335683307426378
162 1620 0.05215983577297553 0.9472458501490602 0.0771355202142969 0.0771355202142969 0.10662360161597007 0.13547486835877348 0.16395021070931087 0.19020753219907333 0.20934147454997412 0.34023518137761355 0.9472458501490602
163 1630 0.05252308347072687 0.9455683568340266 0.07658382088153329 0.07658382088153329 0.10781395198578131 0.1317099559664744 0.16309550291575578 0.18778701207642437 0.2061207504386715 0.3373501896266057 0.9455683568340266
164 1640 0.05488362617382936 0.9556668196320288 0.07249292500863821 0.07249292500863821 0.10747510583154543 0.12887372993064472 0.15851694581160763 0.19001981961511555 0.20611711589264553 0.3407694824079084 0.9556668196320288
165 1650 0.04926198565010729 0.9620491143966282 0.07158492132377169 0.07158492132377169 0.10658965813807177 0.12699491833472262 0.15646781684903247 0.18859456415214962 0.20810018137654823 0.3396798627445275 0.9620491143966282
166 1660 0.04703117371383944 0.9324190525002811 0.06936604917587391 0.06936604917587391 0.10900480668499037 0.12769737580191173 0.1579495973759767 0.191033510718199 0.20266474757315198 0.32867669169862307 0.9324190525002811
167 1670 0.04624805514279513 0.9004856746457521 0.06981251857541106 0.06981251857541106 0.10865182168653353 0.12396629600556519 0.15906778755569162 0.18735292370645676 0.2008527114189599 0.32763003416113196 0.9004856746457521
168 1680 0.04528324071661428 0.8715724167429012 0.07005048397045227 0.07005048397045227 0.10813141125867325 0.11943558966738828 0.15722499335880621 0.1857443260132012 0.20422103055782484 0.32509195206165165 0.8715724167429012
169 1690 0.04624330400182714 0.8705447547268406 0.06957184724362007 0.06957184724362007 0.10735674189395651 0.11978101316917038 0.14893153110105584 0.1860768510068231 0.20012192201727613 0.32018894084553473 0.8705447547268406
170 1700 0.044100211437818324 0.8157050336630846 0.07076008471679272 0.07076008471679272 0.10700966738679925 0.12020042318572642 0.15017474925436464 0.18437797979040735 0.19812803981837196 0.32217071438361816 0.8157050336630846
171 1710 0.04733614587747767 0.792966312462589 0.07008938745943599 0.07008938745943599 0.10675439692549252 0.11920511286298453 0.14494929605209628 0.18305754885833694 0.19800238285235233 0.3131843345899375 0.792966312462589
172 1720 0.05359397388534262 0.841240934671971 0.0668701468056249 0.0668701468056249 0.10510423827636924 0.11881015894645452 0.14845618058448035 0.17879678235558888 0.19633218075909784 0.3129422668237796 0.841240934671971
173 1730 0.05205615844783672 0.8841443461504279 0.06742525685166156 0.06742525685166156 0.1028088261415361 0.12070202219189019 0.1477392526840946 0.1689357553109386 0.19907691586779466 0.3168578512365504 0.8841443461504279
174 1740 0.04868819764208667 0.85499426773117 0.06675397791793872 0.06675397791793872 0.10057635087555898 0.11936055382335549 0.1448416292223826 0.1641821672720741 0.19640168631733182 0.3188742140203383 0.85499426773117
175 1750 0.047257077780987054 0.8462478526295452 0.06484663129750708 0.06484663129750708 0.10022545262246915 0.11845694791419127 0.1425564328919857 0.16486291232620162 0.18411257550256116 0.3096611576358942 0.8462478526295452
176 1760 0.044570407704740994 0.8448647975709799 0.06458676378716895 0.06458676378716895 0.09634996674173107 0.11579753468289183 0.14253624784544555 0.158843205859358 0.1838039165198956 0.3069470219628086 0.8448647975709799
177 1770 0.046857660641943515 0.8547755583002237 0.06378562985448007 0.06378562985448007 0.09563546618897484 0.11564950275715545 0.1427103563060263 0.15707592988781663 0.18528919283262005 0.28225630011407365 0.8547755583002237
178 1780 0.050451673885437955 0.8472119759670336 0.06687794101987381 0.06687794101987381 0.09524742668911028 0.11615892198824197 0.1363185418547383 0.15557436185548676 0.18557436103757965 0.2809917766241951 0.8472119759670336
179 1790 0.050330666292495406 0.8282588471652628 0.06547521729449383 0.06547521729449383 0.09340604426506523 0.11702954079050948 0.13318810921201257 0.15298636615813516 0.1906786949659584 0.29793872794481213 0.8282588471652628
180 1800 0.047488022155246244 0.8431827606807031 0.06494858630249008 0.06494858630249008 0.08796202468914914 0.1170015342747996 0.13513967440371324 0.14726116111818152 0.1888757754994311 0.2886493781314031 0.8431827606807031
181 1810 0.04626964545129926 0.8432179087021802 0.06168187216610823 0.06168187216610823 0.08989390010718588 0.11262769127744209 0.13534688217696897 0.1479451729904328 0.19148241467142196 0.27046081839637703 0.8432179087021802
182 1820 0.04708386628888924 0.8265283213665368 0.05964603827076459 0.05964603827076459 0.08830990072779306 0.10800513447328576 0.1369616652303743 0.15194370459868523 0.1898526721010048 0.271597328311209 0.8265283213665368
183 1830 0.05123914257088143 0.8153613005568567 0.058667626437856106 0.058667626437856106 0.08932316293577175 0.10837683356150234 0.1352722193766343 0.14777267821198456 0.18173056907932023 0.28207591816260913 0.8153613005568567
184 1840 0.05776854797975631 0.8118874917758856 0.05765089622518792 0.05765089622518792 0.09102807904604043 0.10902514330768305 0.1354466086133185 0.1497025632164561 0.18228047925931545 0.2802799082676648 0.8118874917758856
185 1850 0.0565550256029614 0.830605303935293 0.06200747455628266 0.06200747455628266 0.0849143469674128 0.1084492386641816 0.1328745009319407 0.14594851026394914 0.18875119244644376 0.2858677307134145 0.830605303935293
186 1860 0.053353633121293244 0.8269282428676045 0.05989225010063908 0.05989225010063908 0.08734949460895827 0.10301025660193461 0.13187896318400613 0.13961099891299683 0.19100221938639703 0.28051326442937247 0.8269282428676045
187 1870 0.05937549594148051 0.8244792008397137 0.05930288922588523 0.05930288922588523 0.08779134161747591 0.10094283243568342 0.12541573759592747 0.1349614812439148 0.1880205537828437 0.2786638373565727 0.8244792008397137
188 1880 0.06923930920293893 0.8313473767018081 0.0564953907585745 0.0564953907585745 0.08597254376881124 0.10833229302991584 0.1257663787258408 0.1340633987520213 0.18735480752166445 0.27684693267312943 0.8313473767018081
189 1890 0.0701267755116891 0.9404946963579058 0.05420338378950399 0.05420338378950399 0.08385485664821887 0.10791421704288182 0.11744877383524678 0.13324834197793178 0.1841944226259954 0.28893040963135513 0.9404946963579058
190 1900 0.0926877442289303 0.9502045904013526 0.054398823150841956 0.054398823150841956 0.08305330500952955 0.10687133985107042 0.11506736540063287 0.12615668858638016 0.18468084835305654 0.2857690766180462 0.9502045904013526
191 1910 0.10964070771606456 1.0094127299364375 0.05042346334529602 0.05042346334529602 0.08374097114686772 0.10691707929409006 0.11448165741013998 0.1278518753181718 0.18207982345803106 0.30318894352909753 1.0094127299364375
192 1920 0.10173924239753854 0.9648541571424354 0.050193415373023825 0.050193415373023825 0.08302528413640228 0.10408501427518799 0.11409955697959119 0.12521992328089432 0.18889536542180993 0.3018632502501556 0.9648541571424354
193 1930 0.11232167704739926 0.9452281423239961 0.050279375567057985 0.050279375567057985 0.08359204813706973 0.10370675444566249 0.10967332628545198 0.11802107577721777 0.1877972408437562 0.29837661941519017 0.9452281423239961
194 1940 0.11592243781886494 0.9155376306385922 0.05073504252293604 0.05073504252293604 0.08576527457159784 0.09929776570288056 0.10687660523859774 0.11976629149998182 0.1885104934883855 0.30499630810415124 0.9155376306385922
195 1950 0.11346270045534831 0.9262786282506137 0.05048095160286927 0.05048095160286927 0.08072390501311348 0.09707309096500549 0.10730528756398246 0.11830548135655183 0.1793513646859637 0.3114982097405801 0.9262786282506137
196 1960 0.11121558453060455 0.9071737988260276 0.05005396053562677 0.05005396053562677 0.07954317096889663 0.09261520808119225 0.1060652055559199 0.11997724471053944 0.17970377862934517 0.2974064937834184 0.9071737988260276
197 1970 0.11304422870360123 0.9436420882494544 0.049861156505327936 0.049861156505327936 0.07990700691551302 0.09360408271224177 0.1049347410440476 0.11467974125833856 0.16957122668299546 0.28770658562744855 0.9436420882494544
198 1980 0.10153323747212113 0.9367170843033454 0.05090169745344002 0.05090169745344002 0.07680825952079416 0.093552947908134 0.10077829634802019 0.11171843407776644 0.1703730956784819 0.2891516244911255 0.9367170843033454
199 1990 0.0948908898399604 0.9054483421908358 0.05066597192685689 0.05066597192685689 0.07489465120205964 0.09103624312570521 0.09736142116636043 0.10844264185547962 0.1710780775370112 0.29070919684613455 0.9054483421908358
200 2000 0.08044600886423546 0.8985409083724644 0.05094274925739102 0.05094274925739102 0.07560448951865381 0.08958495852093994 0.09174161959255786 0.10666472947099775 0.1655848845631879 0.2870749162598891 0.8985409083724644
201 2010 0.0697670958829255 0.8951152353764381 0.05071484214917004 0.05071484214917004 0.07412191031975505 0.08695221978834164 0.09132917466217656 0.10407756606425571 0.1625046949881082 0.2739617157545501 0.8951152353764381
202 2020 0.06872286703699236 0.8702510930032546 0.04927305469250223 0.04927305469250223 0.07257678248612923 0.08671916932538586 0.09160759613056041 0.10154187238089415 0.1590172301103731 0.2696420451974775 0.8702510930032546
203 2030 0.06467078831019185 0.8305897342305972 0.05298189255343892 0.05298189255343892 0.07232115550737674 0.08569038161617325 0.09080577281116756 0.10062217842693169 0.1542427496394664 0.27272673342948384 0.8305897342305972
204 2040 0.05948677808179263 0.8072077940221043 0.051209825240809734 0.051209825240809734 0.07154772198886133 0.08693906671644634 0.09259752708170658 0.1002707569094998 0.15233643969224872 0.26142928578282204 0.8072077940221043
205 2050 0.05264253888638394 0.7903757329333143 0.05087738284399158 0.05087738284399158 0.06989019504458854 0.08642409516415181 0.08963644720911887 0.10128575775228361 0.14989276729317727 0.25370400014075956 0.7903757329333143
206 2060 0.04531566916315306 0.7678539087728748 0.04971841181253475 0.04971841181253475 0.06994016345704526 0.08464777935062148 0.08810317600555283 0.10352548882447211 0.14034038516251296 0.25080212364072524 0.7678539087728748
207 2070 0.043664808002424296 0.7513743754480061 0.04922927484936243 0.04922927484936243 0.06919456521543786 0.08174978705712006 0.08768094771158878 0.10327108377746945 0.1313056503033265 0.24687815706025845 0.7513743754480061
208 2080 0.04660041954619452 0.7537012722791819 0.04847733571081936 0.04847733571081936 0.07042210769785644 0.07714429172588186 0.0879912459519625 0.10364163723690026 0.12880280617224182 0.24216751166083778 0.7537012722791819
209 2090 0.046851048873001365 0.7140355195478244 0.04977217012846808 0.04977217012846808 0.07005461939684854 0.07643623479151075 0.0880184648865545 0.10259496560522284 0.1346451774381098 0.2386356511591094 0.7140355195478244
210 2100 0.05376993330422195 0.6761841261567202 0.048713145709247556 0.048713145709247556 0.07132726698463127 0.07488922172162345 0.08839394225120895 0.10189098579957652 0.13549951879915312 0.23525153821059502 0.6761841261567202
211 2110 0.054654425650142786 0.6997129745897798 0.049883703133504306 0.049883703133504306 0.07186120252475336 0.07497391473565126 0.09001514860890168 0.1045289688919806 0.1355213382966576 0.2277398553350148 0.6997129745897798
212 2120 0.05451420950053402 0.7293394287165136 0.050101094498988086 0.050101094498988086 0.07059622289825417 0.0740874608275702 0.08780158154030986 0.10377831569207566 0.12679663752281436 0.22357303050191257 0.7293394287165136
213 2130 0.0586793366962857 0.7532338406208728 0.04955230552958752 0.04955230552958752 0.06964809851222573 0.07418622393215366 0.08571788219195803 0.09906173749511853 0.12577792759383732 0.22055105953322274 0.7532338406208728
214 2140 0.0608337159600177 0.7390272057387706 0.05000071073210893 0.05000071073210893 0.0711154301641421 0.07476709759182945 0.08427926708988213 0.0954786692165933 0.12565227373761523 0.226515734243982 0.7390272057387706
215 2150 0.06248284988864713 0.715120932380204 0.050283069833909344 0.050283069833909344 0.07072508887629651 0.07671164140086753 0.08189674660598582 0.09521577648098871 0.12423835893211975 0.22672142890704822 0.715120932380204
216 2160 0.06679240009782744 0.7007915242539949 0.0501683119752016 0.0501683119752016 0.06893282350027324 0.07619883511369079 0.08173109736330168 0.09330300546521048 0.12039972436034241 0.2320110644183488 0.7007915242539949
217 2170 0.06633774963320455 0.7291447553335151 0.048190586097249286 0.048190586097249286 0.06893843916968437 0.07625805656785771 0.081149221712825 0.0920553137209571 0.11973377086310756 0.223789561455472 0.7291447553335151
218 2180 0.06195185092281066 0.751624381389735 0.04850153836632132 0.04850153836632132 0.06436987128716523 0.07681597162830624 0.07916235887273279 0.09182333812436656 0.11827311386245246 0.21578027014907 0.751624381389735
219 2190 0.059230433246226295 0.7385756834617341 0.04902922125281627 0.04902922125281627 0.06151920049545763 0.07512651126835945 0.0819621079775696 0.09104206416480705 0.11732927890671417 0.2074444233238153 0.7385756834617341
220 2200 0.05964291140802253 0.7230227963700956 0.04769268674404746 0.04769268674404746 0.060272302534067894 0.07366432453019192 0.08146149360963902 0.0905415614108944 0.12083169351180757 0.20199278388158654 0.7230227963700956
221 2210 0.05835716369089222 0.7147208229304932 0.04659474365831764 0.04659474365831764 0.058089985730828075 0.0740726809794483 0.08029493437410817 0.09194000788766385 0.12399265302976337 0.19138162997787647 0.7147208229304932
222 2220 0.05737574663471136 0.7324907003733742 0.044807483167945035 0.044807483167945035 0.05730862068822996 0.07356943293781844 0.07769722067317168 0.09291814091106387 0.12083171255249084 0.18931588636912042 0.7324907003733742
223 2230 0.05638879963248292 0.74266204258555 0.043862590992885975 0.043862590992885975 0.0568431516647768 0.0720123636850118 0.0774775840849457 0.0891272951759048 0.12288717722944652 0.18847499797805164 0.74266204258555
224 2240 0.05937703149155305 0.7433472104050722 0.04269819786074205 0.04269819786074205 0.05661113812241705 0.07185547940107728 0.07612635797634099 0.08609761916985233 0.124363079864882 0.18550344844529268 0.7433472104050722
225 2250 0.0703161651438987 0.8068645423781006 0.042694981971322814 0.042694981971322814 0.05550781909053309 0.07094648874164668 0.0752524735040231 0.08293273261738712 0.11950958153606418 0.1837291143875771 0.8068645423781006
226 2260 0.07565082092467944 0.8154031503091349 0.041556206965345545 0.041556206965345545 0.05706011411699576 0.07110739000352853 0.0745672303711598 0.08311339004070771 0.11638298310455977 0.18294831273732284 0.8154031503091349
227 2270 0.08130396720453235 0.7888470915349046 0.04027062590247458 0.04027062590247458 0.0564885572571366 0.06990488488413106 0.07447303286975343 0.08311881903092128 0.10977602899931475 0.18389795397943937 0.7888470915349046
228 2280 0.06965922944690517 0.8078215273727337 0.03946484051037471 0.03946484051037471 0.054910395755267655 0.07077797179524477 0.07397837557238049 0.07911009266619004 0.10983047437968445 0.18267288432506493 0.8078215273727337
229 2290 0.059840185854420115 0.79189636072971 0.039072355989742326 0.039072355989742326 0.05556811717294285 0.06857498314517405 0.07231838222484077 0.0791080960264842 0.10785628014836465 0.1715140108536796 0.79189636072971
230 2300 0.056371573227590704 0.7877830133557334 0.03862966025590482 0.03862966025590482 0.05510272615459799 0.06612249954028844 0.07136777875567095 0.07803639499730013 0.10257524152224226 0.17202341758047765 0.7877830133557334
231 2310 0.053031399872298074 0.7368003679006728 0.037774745463839646 0.037774745463839646 0.05368615616687429 0.06597620781609151 0.07052814946528393 0.0777563178904257 0.10641578322840478 0.16430336976432974 0.7368003679006728
232 2320 0.04711224507243001 0.720529482774575 0.037164652998351984 0.037164652998351984 0.05230149874549363 0.0657318464261836 0.0707494561102277 0.0773598646611486 0.1058797074114316 0.15903384083235703 0.720529482774575
233 2330 0.047891382325568124 0.7175579090541759 0.037288614036880045 0.037288614036880045 0.04959886592588875 0.06391794277926306 0.0685118114727752 0.07590516385972255 0.10587503946801866 0.15912448137365842 0.7175579090541759
234 2340 0.04465564852263352 0.6967595948129656 0.0359326478645225 0.0359326478645225 0.05047584087579563 0.06508101883496004 0.06922792263123452 0.07620151477534196 0.10734703968275232 0.1499860824617875 0.6967595948129656
235 2350 0.04352612441525729 0.6765572382801537 0.03609223460382478 0.03609223460382478 0.04962146801238178 0.0635541207473616 0.06767567835879061 0.07706888954797425 0.10526515273677012 0.14694389168552985 0.6765572382801537
236 2360 0.04450203572816064 0.6568800810192513 0.035539550688833424 0.035539550688833424 0.04797989930817081 0.06309399952115628 0.06619203951764313 0.07891450050610913 0.10665525762651162 0.1413046346658367 0.6568800810192513
237 2370 0.04860679250659551 0.6689101358577528 0.0346683470740643 0.0346683470740643 0.047527061919804714 0.06111499279370413 0.06893237970278088 0.08034261685959185 0.09967846768387702 0.1417829480887889 0.6689101358577528
238 2380 0.051950138665804065 0.6987944924484975 0.03444567436109929 0.03444567436109929 0.04678312010531919 0.05947735265719884 0.06968475299019475 0.08160100602509539 0.08973987299608979 0.1510007971378122 0.6987944924484975
239 2390 0.0527916049729006 0.7062080736774832 0.03381646944292148 0.03381646944292148 0.04658567593468009 0.059310951979553404 0.06908157064524405 0.07807688474971002 0.08639768228415444 0.15557779385199688 0.7062080736774832
240 2400 0.05018407440898275 0.709556640973434 0.03284994596129763 0.03284994596129763 0.04409903010395041 0.05868998136925402 0.06853302125513934 0.07738478375935325 0.08551610097673033 0.15521828021225642 0.709556640973434
241 2410 0.044495420649252375 0.7009854406069828 0.032316364760596065 0.032316364760596065 0.04381774829165127 0.0584137303266121 0.06773644903613611 0.07620116337534602 0.08431716481219277 0.15076920977024652 0.7009854406069828
242 2420 0.04307900951789946 0.6923310011212956 0.03125760125947685 0.03125760125947685 0.042798115583364944 0.05811981806388051 0.0669393714883432 0.07595473495666408 0.08241060715327005 0.14798305802147513 0.6923310011212956
243 2430 0.03597389907693325 0.6808108196906 0.030759634920269736 0.030759634920269736 0.04277699410312647 0.059508632462535536 0.06287402645350298 0.07673325311445832 0.08443172488935588 0.14529820802760943 0.6808108196906
244 2440 0.037914537976517906 0.6641658142622217 0.030783029280784975 0.030783029280784975 0.0417280168590566 0.05724596678194022 0.06245200307739367 0.07724001110917601 0.08314141901409751 0.14177863681657982 0.6641658142622217
245 2450 0.039300352260909464 0.6400556946921078 0.02977802060071273 0.02977802060071273 0.04207295231379646 0.05834119712869286 0.06226660258284758 0.08050859728510265 0.08156865704045753 0.14267388449892032 0.6400556946921078
246 2460 0.037218903438056866 0.6470104240573513 0.03080506980616816 0.03080506980616816 0.04103151145962356 0.05636280208280347 0.06272564558498338 0.07689485373023854 0.08125587039723801 0.14033040907463282 0.6470104240573513
247 2470 0.03579189318702538 0.6312978139056434 0.029588454877737248 0.029588454877737248 0.04024331790009288 0.056259940332175115 0.0627315803993335 0.07488252379444096 0.08068389282947505 0.14074532486783367 0.6312978139056434
248 2480 0.03460631115898391 0.6508847114575483 0.029089077175810718 0.029089077175810718 0.039781876200314155 0.05526059228813963 0.06355193276735314 0.07627891242585397 0.07706687021101512 0.1350210762226172 0.6508847114575483
249 2490 0.0337185596996553 0.6527851132672947 0.029261033724789456 0.029261033724789456 0.039492905276586825 0.05666806066409664 0.06213020683432308 0.07414043500855685 0.07574848146413957 0.1295699221608954 0.6527851132672947
250 2500 0.03640430030314913 0.6667287979482152 0.02823396263154181 0.02823396263154181 0.03861037674823684 0.0552657364822512 0.061802344445388346 0.07316218942045705 0.07470888697250312 0.12796078606027714 0.6667287979482152
251 2510 0.03689940644445973 0.7331351375192232 0.02857714317797285 0.02857714317797285 0.03780433226773408 0.05373738939220638 0.05876512564137514 0.07257981899865087 0.07352514078038101 0.12490197095975511 0.7331351375192232
252 2520 0.037340576412773226 0.7252865698332912 0.02883717567458707 0.02883717567458707 0.037091212549096 0.05432889883084317 0.05885476106023072 0.0701454023263134 0.07406396528642599 0.120637821212071 0.7252865698332912
253 2530 0.03780296414495087 0.7511056929119148 0.029428935616371405 0.029428935616371405 0.03723759557916828 0.05247756811378668 0.05704584545492489 0.06849432545757596 0.07388181237850766 0.11960560743433288 0.7511056929119148
254 2540 0.03939970941317689 0.7511956937110991 0.0284964880359745 0.0284964880359745 0.037130447118040984 0.05422977632383504 0.05626517991770106 0.06817868801876037 0.07184252499074419 0.11847833397303836 0.7511956937110991
255 2550 0.040674869534422085 0.7666610876876822 0.02741415454031933 0.02741415454031933 0.03696152817535619 0.05455112727429538 0.055164828559679926 0.06594432134837865 0.07156162750607321 0.12053059250604824 0.7666610876876822
256 2560 0.04010791217844918 0.7952178493550089 0.02688157163824959 0.02688157163824959 0.03534922644422537 0.05135044464500077 0.05461394496359663 0.06655374368566709 0.07262362636458428 0.11834995963777645 0.7952178493550089
257 2570 0.04463101151599385 0.8108397353836009 0.026459502484139582 0.026459502484139582 0.03531069050884676 0.051082484061846345 0.05221934894358359 0.0647342768448982 0.07193048084383544 0.11851653540771473 0.8108397353836009
258 2580 0.052106737447270346 0.8368264110076384 0.026863529600460446 0.026863529600460446 0.034678129834123085 0.049281209000939276 0.05106770405741623 0.06760860210430361 0.0722408224183877 0.12226684752611579 0.8368264110076384
259 2590 0.05465016335588501 0.9290099733745879 0.025945782841350323 0.025945782841350323 0.033355405142485195 0.04826867374362159 0.050092762718572034 0.06759542311984781 0.07320760477560699 0.12559574341592067 0.9290099733745879
260 2600 0.053714965945671794 0.9593308058352439 0.025474708827197916 0.025474708827197916 0.03365965173521994 0.047091069359352186 0.05003760922373925 0.06653870257993781 0.07060401564419438 0.1219202400277751 0.9593308058352439
261 2610 0.05109710816016617 0.9448980584523168 0.025266440266094824 0.025266440266094824 0.03309403898896328 0.04621851479710566 0.048086197663648175 0.06420942526448019 0.06804614530420625 0.12329831610857926 0.9448980584523168
262 2620 0.04781797029954566 0.952212738008736 0.02486904224074706 0.02486904224074706 0.03228261406964438 0.04635955098126282 0.047769012526908385 0.06324419581484807 0.06697780958307033 0.11594949776338098 0.952212738008736
263 2630 0.04511940007483208 0.8981317345031317 0.024556730549767446 0.024556730549767446 0.03262033987992905 0.04563761865766195 0.04753824902304037 0.062101641974593585 0.06632232068764443 0.11293174504701589 0.8981317345031317
264 2640 0.04822924189679303 0.8616505086941206 0.024112045223487158 0.024112045223487158 0.031834172459082516 0.04628111986210061 0.04693088114214692 0.05961541261533188 0.06635084996454521 0.11190848840653565 0.8616505086941206
265 2650 0.04881364016666641 0.9043796402238325 0.023303936744249597 0.023303936744249597 0.033285565413229724 0.04502124737632736 0.046334310510811404 0.05890128740609449 0.06521924355300826 0.10907932828445893 0.9043796402238325
266 2660 0.05046889186363572 0.8955386057990405 0.022876726011774942 0.022876726011774942 0.03413704507987135 0.04321401975317943 0.04605032735978943 0.05766143015350595 0.06607436381013193 0.10886816175295862 0.8955386057990405
267 2670 0.058617494897665226 0.8901038535118506 0.022338524807211706 0.022338524807211706 0.03477598255583323 0.042842693950792946 0.048987679985368626 0.05618664549024793 0.06454961918505461 0.10714204143975063 0.8901038535118506
268 2680 0.06032555744491101 0.991986920761435 0.022440996782051716 0.022440996782051716 0.03572360747828733 0.04323976178621308 0.046916489127031585 0.057216339899972525 0.06391929604501961 0.10486527789674079 0.991986920761435
269 2690 0.060557959356084386 1.0239009882215968 0.022161328102287797 0.022161328102287797 0.035862909375498075 0.04250201862302782 0.04496274827080006 0.057159742474202864 0.062439116012894466 0.10153979134908603 1.0239009882215968
270 2700 0.062480065605831935 0.9966579915307741 0.022833912113233604 0.022833912113233604 0.034809310301477485 0.040918778784638114 0.04684708808615245 0.056681479475573386 0.062098155940900915 0.09977120247152806 0.9966579915307741
271 2710 0.057396678103094206 0.9945286532390079 0.02439024323182628 0.02439024323182628 0.03287150742556141 0.04032998342080359 0.04620224906897179 0.05501097556159871 0.06348668452293775 0.09798813080697315 0.9945286532390079
272 2720 0.049931345693262186 0.9581022640611481 0.024812536191258373 0.024812536191258373 0.032579527406308546 0.04125572153808499 0.04502112567657769 0.05413732339543235 0.06190954041312672 0.09521835591954876 0.9581022640611481
273 2730 0.04474150487285662 0.9443264699370076 0.02521342462444862 0.02521342462444862 0.03228920359105361 0.04078195809317004 0.04283002603999271 0.0517807493927447 0.06135348853301349 0.09471506003363449 0.9443264699370076
274 2740 0.041970685993120954 0.9303017149449676 0.025107063615345957 0.025107063615345957 0.03160390908932516 0.039496808661780514 0.04310596027233976 0.050998008710381175 0.057940857571203555 0.09522261872203562 0.9303017149449676
275 2750 0.03918828819382583 0.9305008405324449 0.02292251009781845 0.02292251009781845 0.03131922648408445 0.0393628814773131 0.04281295825776669 0.05145435046130773 0.05854634807457164 0.0947056660689342 0.9305008405324449
276 2760 0.03695205269492632 0.9064030994040388 0.022338166898952856 0.022338166898952856 0.029712463196948594 0.0386711830983456 0.04323997063112225 0.05025285579372092 0.058018448100023226 0.09486928493743613 0.9064030994040388
277 2770 0.03304513689492732 0.9056081666558582 0.02219162963467985 0.02219162963467985 0.030124635455949293 0.037265643768392226 0.04319150860599104 0.04882580009524388 0.057341980829456955 0.09170631525281289 0.9056081666558582
278 2780 0.029448802279407375 0.8859265374359321 0.021476248898937997 0.021476248898937997 0.030081817547521646 0.03602890178082821 0.04168331732413757 0.04832502194303543 0.05661168125888622 0.09214956692671768 0.8859265374359321
279 2790 0.028179841604149984 0.9149213586793183 0.021269552040437196 0.021269552040437196 0.02920112786561431 0.035067340842015585 0.040510809910595136 0.047915195185090804 0.05652177749439626 0.08638406765008742 0.9149213586793183
280 2800 0.02784466102769617 0.8741164405767492 0.02073132632457937 0.02073132632457937 0.028753922299196464 0.0350352795656745 0.04013083045449865 0.047748538210266325 0.05603334940696203 0.08641444202414135 0.8741164405767492
281 2810 0.02752725564210645 0.8738316619698738 0.020628145717133787 0.020628145717133787 0.028414690160153612 0.03382926018567912 0.03962244669506739 0.04707485918664439 0.0552736815516046 0.0856249936118861 0.8738316619698738
282 2820 0.026146880441517143 0.8254444458841007 0.020472839086523306 0.020472839086523306 0.02831639790391374 0.03379012076907638 0.03848985772037792 0.046818300435500025 0.054460287357425016 0.08653626822311998 0.8254444458841007
283 2830 0.02506580389738693 0.8199368441400657 0.020403919322057654 0.020403919322057654 0.02751933096090894 0.03433502203767568 0.03826964335417552 0.04591309919685431 0.05176449625019785 0.08736121556895243 0.8199368441400657
284 2840 0.023666444726459526 0.7831388141367344 0.020585672264314687 0.020585672264314687 0.027145267410131183 0.03436963514276388 0.038543714750346625 0.04506666546606266 0.05153451002165698 0.08388301367468368 0.7831388141367344
285 2850 0.022660356526219595 0.7800329772158425 0.020278104485926114 0.020278104485926114 0.026893994238401695 0.034628734276995615 0.03903405755000667 0.04175866679085596 0.05116942418329898 0.08349507355089947 0.7800329772158425
286 2860 0.02151658509346809 0.7771380330333183 0.020283056231828918 0.020283056231828918 0.025903927207722412 0.033879968251409494 0.03919758736995491 0.041989506953670125 0.050561829094938476 0.07956346109167635 0.7771380330333183
287 2870 0.019365984956289835 0.7968543129405367 0.02033395327941265 0.02033395327941265 0.025842761269291584 0.03233923813797523 0.03756881406662889 0.042166582352698094 0.04909018306930762 0.07825310935663313 0.7968543129405367
288 2880 0.01713101217108913 0.8070350324434261 0.019713392930062048 0.019713392930062048 0.025295193123159913 0.031779064524150684 0.036474456528816444 0.0397900081558395 0.04933144161426458 0.07827152784473206 0.8070350324434261
289 2890 0.018024275411379676 0.7927038279911258 0.018915550512743316 0.018915550512743316 0.025135843584111417 0.0316656217030437 0.036485056060166214 0.03879014417124234 0.0458990867267707 0.07799079874927735 0.7927038279911258
290 2900 0.01698650714444787 0.8160413157887395 0.018400601375353907 0.018400601375353907 0.025425435275705514 0.03166980264582249 0.03554032628678056 0.038725612430435076 0.044483396042054486 0.08201613245035956 0.8160413157887395
291 2910 0.01783622980355599 0.773603633468463 0.01777628748031239 0.01777628748031239 0.025615299322016834 0.03106982864899682 0.03507789908895887 0.03906045563010392 0.043044262000000444 0.08202297813201893 0.773603633468463
292 2920 0.01602618438318123 0.7715716372770312 0.018127774082831418 0.018127774082831418 0.02402395350935577 0.031773374456473796 0.034273753732953764 0.03852601898780983 0.04316170843280904 0.08464973170310154 0.7715716372770312
293 2930 0.0148659356131714 0.7682938501864095 0.017582268628781365 0.017582268628781365 0.02421625384091538 0.030733788801210502 0.03427867762784836 0.03685035765429451 0.04248765194879323 0.08317774067257011 0.7682938501864095
294 2940 0.013437054328719519 0.7866076962578378 0.0168235412648439 0.0168235412648439 0.025388380604795577 0.029728196771034863 0.03452606821577742 0.03687665897125042 0.041656607329634686 0.07871575017647064 0.7866076962578378
295 2950 0.01310559399095544 0.7535914014417059 0.016622132021038526 0.016622132021038526 0.024576037720960526 0.02865885028345681 0.033895696445320034 0.03755718393569351 0.04253455485712569 0.07841087120477595 0.7535914014417059
296 2960 0.012589738683609582 0.7231889647173045 0.016367453620870765 0.016367453620870765 0.024796093461623096 0.029399944151893277 0.03303357704746936 0.03749723707619363 0.04143522527548022 0.07879899846475277 0.7231889647173045
297 2970 0.011671802873405551 0.7211965936960345 0.0158146031355588 0.0158146031355588 0.024728949605245572 0.028192442213266243 0.03200551480211034 0.03875280037866169 0.04185087388571312 0.07595222126662997 0.7211965936960345
298 2980 0.01117473116224457 0.7010053044067072 0.01501983980611904 0.01501983980611904 0.024864131600317765 0.028035398949290847 0.03188687694602871 0.03863202509075386 0.04245974884981847 0.07297939783363559 0.7010053044067072
299 2990 0.010180534959349542 0.6938104228188184 0.015184263871206943 0.015184263871206943 0.023736504665463582 0.027637919401128138 0.03191548611906592 0.03839700808195002 0.04271582131967071 0.06884147439786654 0.6938104228188184
300 3000 0.010976826225771423 0.6837783613024615 0.014937241326332973 0.014937241326332973 0.02275648382170496 0.026264881292273175 0.03159240528104967 0.03815407570781413 0.042486807804882114 0.06921444274929144 0.6837783613024615
301 3010 0.011302507346723228 0.7325406462805687 0.014709836130664318 0.014709836130664318 0.022489356677337913 0.0254531901182097 0.031770365324657567 0.03823835136152503 0.04231401675620128 0.06730094845642617 0.7325406462805687
302 3020 0.013178456831545624 0.7621513151473732 0.014685269422156285 0.014685269422156285 0.02193283447829301 0.024974557080861784 0.030797145609933255 0.0388908622888737 0.041304533893876415 0.06402464932780992 0.7621513151473732
303 3030 0.01340077443055782 0.798045228479957 0.014660987220280723 0.014660987220280723 0.02133410152346547 0.02485751591155343 0.029901176662575333 0.03785553758063617 0.04520371350631198 0.06310345391908147 0.798045228479957
304 3040 0.012579028578269966 0.814320369407338 0.01479943528274594 0.01479943528274594 0.020961314262332217 0.024570072437802157 0.0297258033500504 0.038409954984229056 0.044349878879777746 0.06086517738903419 0.814320369407338
305 3050 0.012052011549562874 0.8067544987619831 0.014573212337254235 0.014573212337254235 0.020180696608750562 0.02450717010481102 0.028995528848346597 0.03692759312646665 0.04467477283189001 0.06112339233314783 0.8067544987619831
306 3060 0.011467298324221222 0.7688086936910539 0.014920154897502796 0.014920154897502796 0.02079154312132802 0.024753008037555948 0.028621440596572748 0.03631114951023254 0.04392143572866464 0.05870658988166399 0.7688086936910539
307 3070 0.011251880830714395 0.7689742678908117 0.014510508223473178 0.014510508223473178 0.020561200013980797 0.0240465223337796 0.028137330605629663 0.03481067202615797 0.04395457253921611 0.05861166339351037 0.7689742678908117
308 3080 0.00975922682017579 0.7587968662582322 0.01486449202301238 0.01486449202301238 0.0204334341505846 0.02279026064176493 0.02798052205593409 0.03539173870084045 0.04433455018137981 0.056601539584176436 0.7587968662582322
309 3090 0.00887775044604387 0.7523883047705189 0.0145704805669873 0.0145704805669873 0.019565582005778327 0.022336799461899457 0.028062129459567122 0.03379674724715146 0.0440114667663615 0.055403706278440136 0.7523883047705189
310 3100 0.008142196342021785 0.7592740116036654 0.014239458530663988 0.014239458530663988 0.019433936278232596 0.02182721657184526 0.028053292657984487 0.032707799417560204 0.042878065954481355 0.05350864926826529 0.7592740116036654
311 3110 0.007951221277823012 0.7575252909515804 0.014572411392666053 0.014572411392666053 0.019694569906199198 0.021322834884603653 0.027119206115668266 0.03190985147818938 0.042526984257471465 0.051712282865195795 0.7575252909515804
312 3120 0.008637944946114768 0.7598656204693761 0.014510649274606241 0.014510649274606241 0.0193259413791276 0.020384728614138394 0.02696660099439633 0.031750641248956636 0.04264404758393712 0.05109936714383688 0.7598656204693761
313 3130 0.008740305666654749 0.81920789433792 0.014067734569129398 0.014067734569129398 0.018680745447780176 0.02007326933934318 0.02795130288051679 0.030342453218146492 0.04217213560331083 0.051025403573901056 0.81920789433792
314 3140 0.008465651152164742 0.8163636824364338 0.014079543381201745 0.014079543381201745 0.01828300587743906 0.020936998954109436 0.027865539323305377 0.02998049223533668 0.0412208032537082 0.04799435456487007 0.8163636824364338
315 3150 0.00808357383340984 0.8056742376266751 0.01401366705276566 0.01401366705276566 0.01829201310179832 0.02082794065514826 0.02688627145126369 0.029602464315210443 0.039245635215858825 0.047229540938516376 0.8056742376266751
316 3160 0.007237104753099941 0.8274978881091818 0.013629410102994009 0.013629410102994009 0.01822720615766277 0.019990538669391357 0.026454115004723475 0.02992447693965633 0.03858305648986606 0.04515959829026085 0.8274978881091818
317 3170 0.006951150576017961 0.8068527975829534 0.013429137023231286 0.013429137023231286 0.016983209998742272 0.01973800793704496 0.02590932168569997 0.029076935209979865 0.038993166192483504 0.04531021858026048 0.8068527975829534
318 3180 0.006683008728687496 0.8133735593548762 0.01303581023487443 0.01303581023487443 0.016512828698365685 0.01832464970187906 0.02629924085577216 0.029131308535113126 0.03965344877503171 0.04615076678477484 0.8133735593548762
319 3190 0.005916033523197856 0.8139574926187583 0.012834032997963431 0.012834032997963431 0.016426625827742656 0.018506632607286064 0.02614031217053223 0.02774767677406528 0.03994018982096063 0.04449025776820503 0.8139574926187583
320 3200 0.005189822563124902 0.8052675984849232 0.012446602029607961 0.012446602029607961 0.016190310980358457 0.018239458851675914 0.026024740570067238 0.027645330910881928 0.03929568878734529 0.04333656991674365 0.8052675984849232
321 3210 0.0047531102707354805 0.8272557320373516 0.012153187539244945 0.012153187539244945 0.015849725030946782 0.01760557022827281 0.02529917692500245 0.027234685074593083 0.0390721823688428 0.04225854886803554 0.8272557320373516
322 3220 0.004652438232393044 0.7879307574904745 0.01177330643255319 0.01177330643255319 0.016172134719808617 0.017897743270892566 0.02341334362307788 0.027133866446195674 0.03919240600098936 0.042457765973903286 0.7879307574904745
323 3230 0.0041474829612747335 0.7947217737812213 0.01165144698683178 0.01165144698683178 0.0169728014223951 0.017634948070077153 0.022098284524448914 0.025980591414240552 0.0385942240770346 0.04164043451997108 0.7947217737812213
324 3240 0.0036085260741800804 0.7640545698888985 0.01158308154932217 0.01158308154932217 0.01683080946522854 0.01769821880446715 0.021599178442155958 0.025865214870254498 0.03821161965474185 0.041206302905706454 0.7640545698888985
325 3250 0.0032211709788334576 0.7310755537019464 0.011709308622578164 0.011709308622578164 0.01682159083186637 0.017348089414279472 0.021494204272338436 0.0242790756447092 0.037320920612057086 0.041245216371364746 0.7310755537019464
326 3260 0.002967789800638015 0.7230132519188789 0.011442455651210699 0.011442455651210699 0.01641932288209616 0.01670777928705489 0.021332473856872394 0.024652021260465163 0.03563699663659281 0.040873573812222654 0.7230132519188789
327 3270 0.00297828945469307 0.7229827880327138 0.011655643278250359 0.011655643278250359 0.015671091486771715 0.016914246739211828 0.021290591948682918 0.024637323154425034 0.03382218430138106 0.039857086057067795 0.7229827880327138
328 3280 0.0029586505406271084 0.7181327439375808 0.012016229675827664 0.012016229675827664 0.01571200575366557 0.01670996666175504 0.021156761469139713 0.024182974199142452 0.03212499661394691 0.03895229047526698 0.7181327439375808
329 3290 0.0027036008707342863 0.7358977719712896 0.011769985695608812 0.011769985695608812 0.01544861032328695 0.01650861098400436 0.020896441119767146 0.02476688406776381 0.030796680465336262 0.038337530264362554 0.7358977719712896
330 3300 0.002559655343172231 0.7162796302765587 0.011259359740541666 0.011259359740541666 0.015327089534902819 0.01628665090562374 0.0209040753106678 0.02406972304931684 0.02991863971106539 0.03823846600071491 0.7162796302765587
331 3310 0.0021659468066631453 0.7168583534940473 0.011109618243727354 0.011109618243727354 0.014411419069793778 0.01557133605611166 0.021242502548551576 0.02383782423406389 0.029519606380092305 0.03945660564184459 0.7168583534940473
332 3320 0.002071098526110767 0.66222747306584 0.011094933633961043 0.011094933633961043 0.014282996910698375 0.015476197907651125 0.020846947972619937 0.02405526897315976 0.028793147106583056 0.03828960599433325 0.66222747306584
333 3330 0.001964860121207631 0.6676710911281792 0.010863327073117358 0.010863327073117358 0.013967361138456924 0.015543480690624698 0.020598852755104893 0.023638327753662442 0.029051146760167817 0.037734751428023385 0.6676710911281792
334 3340 0.0017535834768312377 0.6847800613376477 0.01071703755663 0.01071703755663 0.01391158577334665 0.01562207106472288 0.020344147474297115 0.02394930591229775 0.028629448887347357 0.03510775908435804 0.6847800613376477
335 3350 0.001513189451451513 0.6752179500279815 0.010602614992052041 0.010602614992052041 0.01341045229090544 0.015171825283843664 0.02016719715386501 0.023841730332119806 0.028376664821716985 0.034866547583180765 0.6752179500279815
336 3360 0.0013082698681368377 0.6646932399338477 0.010605328265339978 0.010605328265339978 0.013186676056591514 0.01512998935574798 0.019959146068008735 0.023210173847530904 0.02697985230558614 0.0331708884752184 0.6646932399338477
337 3370 0.0011619427277260084 0.6297270869570539 0.01043757364518902 0.01043757364518902 0.01308434717992602 0.015192505191970728 0.019591475820749653 0.02231423371718623 0.027003145078914468 0.03396056142375847 0.6297270869570539
338 3380 0.0010499470167948464 0.6301862322745878 0.010279831562673694 0.010279831562673694 0.01250399950512739 0.015039145080466115 0.019106000314456504 0.021921919421161312 0.02661584364346322 0.033387935286657636 0.6301862322745878
339 3390 0.0009318685318951447 0.6291545278164734 0.010220054899117703 0.010220054899117703 0.012510613031411306 0.013408950493172637 0.01898702304639748 0.02177048696948339 0.026397630218178366 0.03325755452339969 0.6291545278164734
340 3400 0.0008392449096110096 0.6123520757809909 0.010155701370630345 0.010155701370630345 0.012210855801841614 0.013392320060563666 0.018145978738539233 0.021565741723303184 0.026342079231173106 0.03371022303089426 0.6123520757809909
341 3410 0.0007481162867109605 0.6193867754990758 0.010259778383032792 0.010259778383032792 0.01209879865118647 0.013218876732208075 0.017611954749534205 0.020690935658789416 0.02567066520861706 0.03227984536408665 0.6193867754990758
342 3420 0.0006866748486576997 0.6072428377146873 0.010004385605146004 0.010004385605146004 0.012118359741911526 0.012969287857372115 0.01690394657697349 0.02079947996676531 0.024934242659566716 0.03234640211774969 0.6072428377146873
343 3430 0.0007164855532502167 0.5983615395638706 0.009608189409968609 0.009608189409968609 0.011896510853506254 0.012686518635627147 0.01707836882228133 0.020140654507675573 0.024658139180304323 0.0320133306945048 0.5983615395638706
344 3440 0.0007119121773654684 0.5992536688105711 0.009849276045581447 0.009849276045581447 0.011942176972318688 0.012815960495697026 0.01650170016952494 0.020203478936000895 0.02405116039044669 0.031779712029893506 0.5992536688105711
345 3450 0.0006837809006315176 0.5654651711253555 0.009869069228185947 0.009869069228185947 0.011864952787685533 0.012578297747612174 0.016556989233913987 0.019213784189118586 0.02458468600429986 0.03159408648109739 0.5654651711253555
346 3460 0.000604782319968873 0.5495448580420225 0.009841499438943007 0.009841499438943007 0.01161461686866155 0.012669367570478167 0.015767632669046665 0.01921624449931347 0.024074331632340348 0.03177979285629081 0.5495448580420225
347 3470 0.0006124898477235897 0.549379731668196 0.009546886296457478 0.009546886296457478 0.0113800542291236 0.012482374837375187 0.015574071477022 0.017966949207553918 0.02334626912660869 0.032166264972600125 0.549379731668196
348 3480 0.0006012351403101465 0.5574942044860062 0.008918618563773777 0.008918618563773777 0.010850512223862208 0.012335317516522197 0.015483125934106143 0.01908384619051478 0.023220306354647065 0.03269433824983159 0.5574942044860062
349 3490 0.0005322450175005194 0.5566163235462276 0.008761298171493603 0.008761298171493603 0.010482199093771238 0.012052726268231666 0.015123347215790381 0.01918354959736367 0.023442586954259353 0.03204064887606795 0.5566163235462276
350 3500 0.0005190586458408489 0.5630149519524379 0.008640451660964277 0.008640451660964277 0.010412626185126042 0.01186695606382954 0.014326865202545702 0.018131937550035164 0.022999446444582707 0.0315705808960574 0.5630149519524379
351 3510 0.0004806378640950097 0.5470848672342133 0.008631345475092884 0.008631345475092884 0.010484124944001803 0.011801825649875128 0.014212787071699927 0.018017009034999868 0.023119412275636516 0.030318168838210435 0.5470848672342133
352 3520 0.0004294189162857557 0.5471662434305115 0.008441007375731824 0.008441007375731824 0.010379562955024927 0.011189105731179377 0.014119786941036288 0.01723121815702201 0.02328811686715307 0.02986681420214633 0.5471662434305115
353 3530 0.0004282632859832429 0.5367549938481102 0.008288235060837269 0.008288235060837269 0.010334972839216838 0.010732595106860369 0.013751756556304704 0.016921365870142067 0.022554906965998475 0.02977038969711894 0.5367549938481102
354 3540 0.00038182218183676985 0.5146980736071887 0.008213668848463659 0.008213668848463659 0.010386259504512746 0.010541578655949011 0.013808764412940815 0.01668584056626228 0.02218717789051244 0.030543791465013237 0.5146980736071887
355 3550 0.0003770978989100017 0.5192910595333198 0.007956901068221986 0.007956901068221986 0.01026452158751747 0.010525620852590414 0.013521255140451903 0.016464377900486243 0.021545187973543194 0.03006350969836681 0.5192910595333198
356 3560 0.0003542758493796686 0.509306118499709 0.00802510713424226 0.00802510713424226 0.00994369084250099 0.010571559393916923 0.013460444190474034 0.016397566887974398 0.021172008621606342 0.029774338042155866 0.509306118499709
357 3570 0.0003466458145738777 0.5078601039638941 0.007724226202993521 0.007724226202993521 0.009923993546844638 0.01061879545726598 0.013588264881050886 0.01581733296933892 0.021741950287225434 0.028604868446930665 0.5078601039638941
358 3580 0.0003165959163974173 0.5089377986098033 0.008098737067283774 0.008098737067283774 0.009386372860077498 0.010536877294808109 0.01326753761487762 0.015377928037111471 0.021735572862797106 0.027608756944654363 0.5089377986098033
359 3590 0.00028102331550429184 0.49528158153881663 0.008115445138878746 0.008115445138878746 0.009168429500748624 0.010312448838595322 0.013134546147113875 0.015016096691127787 0.02136110613750687 0.02742773395400369 0.49528158153881663
360 3600 0.00025569441138191665 0.47373693065032135 0.008088875376881901 0.008088875376881901 0.008897719389557671 0.010276448246164792 0.012544077348355828 0.01491272223619782 0.021442159437631468 0.026673290441119657 0.47373693065032135
361 3610 0.00023045866841949966 0.4742795240132923 0.008190981427465781 0.008190981427465781 0.008605392478514906 0.01010435316662073 0.012070282917075745 0.014716220263938255 0.020692348149933655 0.026743957710510087 0.4742795240132923
362 3620 0.00021601140572939905 0.4758830126764727 0.007829812992553802 0.007829812992553802 0.008429786010125681 0.009960313157743527 0.01174181029950175 0.014603069698962707 0.020619380765016484 0.026553187150990906 0.4758830126764727
363 3630 0.00020742005598407308 0.4478390742617281 0.00779398417103632 0.00779398417103632 0.008303833468178728 0.009978885652338003 0.011754075194357578 0.014531819185999304 0.02004755481511952 0.026773206895690148 0.4478390742617281
364 3640 0.0002010418058733214 0.4470608396807298 0.007396140051514735 0.007396140051514735 0.008264732276068096 0.009769211454171763 0.01150544345475852 0.014458790805708088 0.01955609348563608 0.02707623588402521 0.4470608396807298
365 3650 0.00019749641938894487 0.4603136659117672 0.007169018776312974 0.007169018776312974 0.008263085653621969 0.009625084465421667 0.011502017407818017 0.014577423663961012 0.018645296465879233 0.02674160490472374 0.4603136659117672
366 3660 0.00018612701272551854 0.4327369339798428 0.0070514260723942845 0.0070514260723942845 0.008376168122509992 0.00957253638215956 0.011339141500342586 0.01455119811766577 0.018392487279645035 0.026637114934874927 0.4327369339798428
367 3670 0.0001648923523319665 0.41827368846067436 0.007070605574563302 0.007070605574563302 0.008245465806474358 0.009109963902659744 0.0113805947279308 0.014251393332991958 0.01811003701793574 0.02690945965352308 0.41827368846067436
368 3680 0.0001555668104585116 0.4150837768415335 0.006720293165096815 0.006720293165096815 0.008041663725678303 0.009089523212071 0.011405979085056875 0.01399979613237775 0.01806027257392818 0.02590427634010783 0.4150837768415335
369 3690 0.00013716546487255808 0.420166828438863 0.006517523502701002 0.006517523502701002 0.00795651050493605 0.009053359221130148 0.01170347612878433 0.013344761418293 0.01810984540392597 0.02484115509906006 0.420166828438863
370 3700 0.00012124322573268671 0.4205046292734319 0.006565023078592865 0.006565023078592865 0.00786997049068474 0.008941787256231128 0.011610852119706068 0.01313578215100204 0.017401786846888118 0.02413020728486968 0.4205046292734319
371 3710 0.00011902408584033834 0.3954918463100393 0.00655754444415226 0.00655754444415226 0.007856666083156187 0.00877087626678626 0.011552260142971216 0.012903404753568121 0.01674386960292215 0.02444449897641694 0.3954918463100393
372 3720 0.00010923073747325714 0.3810093556942233 0.006265426261928097 0.006265426261928097 0.007995837677905918 0.008672750361646624 0.011591233761778818 0.012682766828436614 0.017065255642065406 0.02358974905578106 0.3810093556942233
373 3730 0.00010542594246450702 0.37653464131912884 0.006029844810816498 0.006029844810816498 0.00749870704819103 0.008482249749305145 0.0114498994589324 0.012676151578914115 0.017127195539745895 0.023655532448465282 0.37653464131912884
374 3740 9.562815391679707e-05 0.3927067700729732 0.005863065635719373 0.005863065635719373 0.007533438758228301 0.00811970584969476 0.011450266328370793 0.01234037128820774 0.016712622364690354 0.023021420322273792 0.3927067700729732
375 3750 8.953703752508935e-05 0.39879898446453077 0.005607335657455558 0.005607335657455558 0.007552982425848377 0.008044332888123265 0.011285760515133848 0.011874498116064914 0.01637968704962682 0.022936353014461033 0.39879898446453077
376 3760 8.51622160419156e-05 0.3982503923963218 0.005617973468340143 0.005617973468340143 0.0076607564107786024 0.007750161106775241 0.011125421948556402 0.011592064404425834 0.015894211034639023 0.02254404940661472 0.3982503923963218
377 3770 7.98992052935925e-05 0.3917808553907023 0.005786658869653196 0.005786658869653196 0.007582285698396432 0.007712886499660316 0.010485821981323203 0.011707446921068778 0.01529404551318812 0.022220844779130052 0.3917808553907023
378 3780 7.302416467959533e-05 0.3902443997960128 0.005795196289344506 0.005795196289344506 0.007421643271238235 0.007881430150309994 0.009882298982341524 0.011702643288609083 0.0148564129306813 0.021844028759385303 0.3902443997960128
379 3790 7.010713767399013e-05 0.38811875636190135 0.00581958916918593 0.00581958916918593 0.00736029328815311 0.007903099981110613 0.009848002677615974 0.011425677492062697 0.01474498285502571 0.019321061092707984 0.38811875636190135
380 3800 6.932578679509092e-05 0.3838830232067142 0.005806764432886668 0.005806764432886668 0.007368876683922168 0.007904562209261466 0.009640049475140678 0.01134939723032397 0.014471853646315697 0.01937931401845892 0.3838830232067142
381 3810 5.869106415318758e-05 0.3841767590371115 0.0057233830111016095 0.0057233830111016095 0.007336605282314191 0.008019555330574506 0.00943713226757462 0.011111388632915208 0.014467417385368227 0.01887945028186502 0.3841767590371115
382 3820 5.6053426241525704e-05 0.377331598969416 0.005613581611564763 0.005613581611564763 0.006921366486493698 0.008034662061578676 0.009190245577080503 0.010824292363903901 0.014477773258561479 0.018635017287470187 0.377331598969416
383 3830 5.190414889603534e-05 0.3737605642003328 0.005657694486570899 0.005657694486570899 0.006785159684274263 0.008060432333762323 0.008677161851291906 0.010927948475438362 0.014182155842568234 0.01839317877976526 0.3737605642003328
384 3840 4.748557840347482e-05 0.3647261557229517 0.0055259825629662565 0.0055259825629662565 0.006798631051987709 0.007822935631626246 0.008571109052419798 0.011011431335539532 0.014107742276232647 0.01812684871108822 0.3647261557229517
385 3850 4.404682481606322e-05 0.36550401900089025 0.0054681922086540526 0.0054681922086540526 0.006303417450754011 0.007897015402464477 0.008337899305341977 0.011015086733282541 0.013911597885871858 0.018000594915825993 0.36550401900089025
386 3860 3.90597768044853e-05 0.3549882398178553 0.005311689094577934 0.005311689094577934 0.006297364852935654 0.008210141408669283 0.008318438416683884 0.01059921924612772 0.013395415295650262 0.017876456801700087 0.3549882398178553
387 3870 3.648383930678534e-05 0.35367789410897194 0.005269560017614159 0.005269560017614159 0.006048026109569655 0.008135748540045633 0.00819536853544575 0.010391233790921169 0.013455279320921014 0.017107394913011397 0.35367789410897194
388 3880 3.3444981040612394e-05 0.34815710093623026 0.0050599758840815506 0.0050599758840815506 0.0061351224757160185 0.007980799881445644 0.008210510247746551 0.01036382256988774 0.013075972396616918 0.016743253240044092 0.34815710093623026
389 3890 2.865733444502164e-05 0.3457510477594781 0.005107235258587358 0.005107235258587358 0.006011928263345808 0.007603849474730892 0.008053732217169688 0.010211469059128767 0.01282451037544216 0.016877370101355597 0.3457510477594781
390 3900 2.550803056067933e-05 0.34180950128891646 0.004999082937949884 0.004999082937949884 0.005962159624254526 0.007341908182276195 0.007832841502351381 0.009948950370057217 0.012394209644443214 0.01657271984062206 0.34180950128891646
391 3910 2.218547390557616e-05 0.32819874359093487 0.005026337348642993 0.005026337348642993 0.005860642931370255 0.007375206629573117 0.007554173475195885 0.010024795829983953 0.012082313959902844 0.016098380581625504 0.32819874359093487
392 3920 1.9991949843283798e-05 0.3155799963406164 0.004951522656538567 0.004951522656538567 0.0054453531983516676 0.007155168963772727 0.007519377279416331 0.009902596204383088 0.012231722161056524 0.015996296682194554 0.3155799963406164
393 3930 1.6881669571770885e-05 0.3195292196794893 0.0049771161457800115 0.0049771161457800115 0.00533466400802562 0.006805424381291947 0.00728475082807671 0.009698281184573235 0.012040434021611849 0.0157432126427151 0.3195292196794893
394 3940 1.479565014094517e-05 0.3246815637749909 0.0048349526757544455 0.0048349526757544455 0.005222370506857194 0.006516564598791019 0.007117193363549892 0.009650461267716565 0.01211053580969923 0.014849330202533208 0.3246815637749909
395 3950 1.3891537990046212e-05 0.3271154354686331 0.00487758121314743 0.00487758121314743 0.005174518834170499 0.006096912580155333 0.006716269868193701 0.009534404824757323 0.012256855244328423 0.014509539808315226 0.3271154354686331
396 3960 1.2597463658949906e-05 0.32819670761929526 0.004851187331498516 0.004851187331498516 0.004993609977118778 0.0062219263853420395 0.006435166572232985 0.009341414199644526 0.011917075297659114 0.01453227802027309 0.32819670761929526
397 3970 1.1265445527056809e-05 0.32616190212044754 0.004633574883752022 0.004633574883752022 0.004888778177234697 0.006122746135388123 0.006506002746217179 0.009002598518226535 0.012212779279817277 0.014423260497733735 0.32616190212044754
398 3980 1.0380188170761964e-05 0.32027067114481284 0.004538161412772452 0.004538161412772452 0.004785836814497141 0.0060059641899306475 0.006506665791965123 0.00863706320913798 0.012128484576468267 0.014308536857393958 0.32027067114481284
399 3990 1.0213629186072704e-05 0.3011005779515217 0.0043754198989314624 0.0043754198989314624 0.004750155248622609 0.00595342541306723 0.006506718019905244 0.008754759064694521 0.01203545215174125 0.014381323115931212 0.3011005779515217
400 4000 9.829443180640925e-06 0.291886196206919 0.0044244477318167025 0.0044244477318167025 0.004668611281262028 0.00591991422131663 0.006243846022336497 0.008717562440144478 0.01230391244380681 0.01435144103433179 0.291886196206919
401 4010 8.7627994660259e-06 0.2875732161004543 0.004375317082457421 0.004375317082457421 0.00462345726461779 0.005910584161246201 0.0061574576060479565 0.008833536972508412 0.012151766926725156 0.013969731540382866 0.2875732161004543
402 4020 8.300057491998357e-06 0.2902613450801868 0.004287984026925943 0.004287984026925943 0.004638901615935617 0.00570914959374164 0.005820496758916522 0.008640099165536019 0.011892277738501388 0.013885202442030379 0.2902613450801868
403 4030 8.165517257907609e-06 0.2790933881020484 0.004385669830361315 0.004385669830361315 0.0045771287541365715 0.0055213933464578185 0.005782216357698305 0.0088155718625636 0.011376332239296643 0.013839118739394056 0.2790933881020484
404 4040 7.238782983189848e-06 0.2724637435299977 0.004375455578637829 0.004375455578637829 0.004435251031314026 0.005511767489310445 0.00605184857419551 0.008525418737035707 0.011296201514949419 0.0137447069304682 0.2724637435299977
405 4050 6.5619257113782896e-06 0.2642732933842148 0.004256499746633378 0.004256499746633378 0.0043467954766240385 0.005468408479385589 0.006006520997538985 0.008414290113529312 0.010946846308851683 0.013602634599750784 0.2642732933842148
406 4060 5.922695471678528e-06 0.25995810045388607 0.004215911285391071 0.004215911285391071 0.0043308343174262845 0.005257001979150676 0.005835865246032064 0.008297463768028828 0.01071811332241518 0.013551187118081965 0.25995810045388607
407 4070 5.660351884754409e-06 0.2600144608128855 0.0041629637537839 0.0041629637537839 0.004257123314876651 0.005085112790758368 0.005790950480496543 0.008195075490244326 0.010500707290279358 0.01331344845868281 0.2600144608128855
408 4080 5.339755334408175e-06 0.25707222360523985 0.003923991220761972 0.003923991220761972 0.004276485092442808 0.005047107455171646 0.005716892026399192 0.007979419966647415 0.010442817674391836 0.013319772958123964 0.25707222360523985
409 4090 4.544800668401411e-06 0.25417737790639927 0.003832889374687144 0.003832889374687144 0.004219758694375278 0.005046840745729459 0.00562284179358689 0.007977381604078187 0.010318450237626252 0.013331329363616492 0.25417737790639927
410 4100 4.342876294111205e-06 0.25393611457686505 0.003849875585255227 0.003849875585255227 0.004190303264363729 0.004989348497758311 0.005537369889244707 0.007697029680791928 0.010045552126081247 0.012522690121050539 0.25393611457686505
411 4110 4.0175990256852205e-06 0.24536782367350712 0.0038786287171186603 0.0038786287171186603 0.0041470830436638895 0.005109382049422265 0.005389481398545502 0.007686703522880874 0.009934244778703409 0.01203440276103871 0.24536782367350712
412 4120 3.779590036896542e-06 0.24614327116151938 0.003909635103816694 0.003909635103816694 0.004051973251213549 0.004891897631464281 0.005306388222779917 0.007590078919697996 0.009499572016740072 0.012263699039470175 0.24614327116151938
413 4130 3.304795904425823e-06 0.23988513656973925 0.003749253996193369 0.003749253996193369 0.003908757762815764 0.004963128843288683 0.00522537325828883 0.00756739965843688 0.009393334464891472 0.012138697172386127 0.23988513656973925
414 4140 2.8751910806142592e-06 0.23621216113325308 0.003675853507907253 0.003675853507907253 0.003931490217750719 0.004801102984951721 0.005102969650939556 0.007311573615138799 0.00923112861972237 0.011863351467043134 0.23621216113325308
415 4150 2.760496367993123e-06 0.2326134609189195 0.0035372828177103583 0.0035372828177103583 0.0039049946354876614 0.004839576467585907 0.005009017292179617 0.007066452495764696 0.008988094590210287 0.01208257495801119 0.2326134609189195
416 4160 2.8061717521369537e-06 0.22879174159197907 0.003392298855831129 0.003392298855831129 0.003797349330285818 0.004884079371264071 0.005033073026808899 0.0067813281197368945 0.008982177241765399 0.012116858307167893 0.22879174159197907
417 4170 2.949131407894924e-06 0.22856988682124033 0.003384671076149901 0.003384671076149901 0.003727449525117926 0.004769734549507335 0.0051731659795544995 0.00665357267083525 0.008704618672864164 0.012343364557629844 0.22856988682124033
418 4180 2.7539757211043233e-06 0.22248123528403485 0.0033962313442840574 0.0033962313442840574 0.003654362684131756 0.004503131627946656 0.00535728693390088 0.006608962796314921 0.008646023794465317 0.012858023833475308 0.22248123528403485
419 4190 2.4719613304380337e-06 0.22187723740138326 0.003442244541373128 0.003442244541373128 0.003637800853474801 0.0043552530465691495 0.005149888388771392 0.006527595796251235 0.008836195354469679 0.01226655559777198 0.22187723740138326
420 4200 2.2139792360769673e-06 0.21556939536704067 0.0033388178741546653 0.0033388178741546653 0.003581951831675534 0.004269421110342703 0.005163489325437808 0.006450451208516623 0.008695849037525367 0.012003353366839388 0.21556939536704067
421 4210 2.2718731828738963e-06 0.21144133107861557 0.003245503220959148 0.003245503220959148 0.0036597296801511342 0.004290056828229785 0.005169923732866222 0.006414794384377058 0.008386027743171822 0.011666838417573652 0.21144133107861557
422 4220 2.11332226622628e-06 0.2115600224905546 0.0034536599361641843 0.0034536599361641843 0.003691452223302761 0.004206584448606223 0.004972086662971847 0.006273367309888217 0.008301729818438998 0.011247194304683177 0.2115600224905546
423 4230 1.924149320929902e-06 0.1998389944284105 0.0034153776457934992 0.0034153776457934992 0.003671677318571092 0.004168937033278557 0.004822128963119658 0.006131090039762015 0.008312866739407888 0.010997309788562795 0.1998389944284105
424 4240 1.6826423320118005e-06 0.19023996921509229 0.0033637303156044377 0.0033637303156044377 0.0037249110896878847 0.004201198681751122 0.00472674665837834 0.005987783009486989 0.00797644972643284 0.01111352300240168 0.19023996921509229
425 4250 1.5294545460032873e-06 0.18184877169501393 0.0031769119857656502 0.0031769119857656502 0.003745530654774211 0.004185479279866514 0.004649821618393921 0.005753638770231226 0.00791344341745837 0.011111890825400164 0.18184877169501393
426 4260 1.4745999424268689e-06 0.17568141907976184 0.0030670395854618055 0.0030670395854618055 0.003743433992363767 0.003959730111865284 0.004569579915756614 0.005794291997438652 0.007777581143539263 0.011144034144103908 0.17568141907976184
427 4270 1.421860995499074e-06 0.17240357872062242 0.002973215666220316 0.002973215666220316 0.003646846104946479 0.003956256642066339 0.0045966531962795066 0.0058830310556814095 0.0078086355099540854 0.010711870722057155 0.17240357872062242
428 4280 1.2345726448811598e-06 0.16319224819144446 0.0030636774836504104 0.0030636774836504104 0.003505951540434485 0.0039846549511250075 0.004552461905435999 0.005691636316459247 0.007808589431090842 0.010621693345704479 0.16319224819144446
429 4290 1.047713548778597e-06 0.16135822220317722 0.0030750239742776933 0.0030750239742776933 0.003459970157571896 0.003920116953398633 0.004502610323407963 0.005451627900095537 0.007485622435143272 0.010565703427408136 0.16135822220317722
430 4300 9.358186542384151e-07 0.16164943352940975 0.003051276635491146 0.003051276635491146 0.0032389567200628703 0.003885563815774773 0.004439065820301122 0.005266195375631107 0.007366044943153366 0.010314177850068789 0.16164943352940975
431 4310 8.377961356698356e-07 0.15847980138604628 0.0029989802518518103 0.0029989802518518103 0.003204765251160123 0.0037302100781299603 0.004300778994291516 0.005160443224085291 0.007407636661113739 0.010368576603030347 0.15847980138604628
432 4320 7.78798588440131e-07 0.1542294200711086 0.0030187334333688213 0.0030187334333688213 0.003173413757800098 0.0035329447234748947 0.004143185801892555 0.005122429863842411 0.007380732481550041 0.010201948320605496 0.1542294200711086
433 4330 6.811366127065861e-07 0.15086661236000687 0.0029966470923049964 0.0029966470923049964 0.003148460328146919 0.003601663995662304 0.004073226501246686 0.005119375852481382 0.007095123842034988 0.00956345655124863 0.15086661236000687
434 4340 6.380708434821161e-07 0.1515986491991501 0.0030111935434507455 0.0030111935434507455 0.0031781918327456276 0.0035422353150692276 0.0038714612005263838 0.00488568918287722 0.006954641619426795 0.009164061970761092 0.1515986491991501
434 4340 6.380708434821161e-07 0.1515986491991501 0.0030111935434507455 0.0030111935434507455 0.0031781918327456276 0.0035422353150692276 0.0038714612005263838 0.00488568918287722 0.006954641619426795 0.009164061970761092 0.1515986491991501
