% # columns="iteration, evaluation, sigma, void, void,  stds==sigma*sqrt(diag(C))", seed=164562, Sat Jun 13 19:22:02 2020, <python>{}</python>
1 10 0.4327947315243792 0 0 0.43330098931209876 0.4312351391725787 0.41372737352779965 0.40200042891543913 0.4291233813839319 0.4222464707989768 0.4297733190778685 0.4335162570651313
2 20 0.38399901172596007 0 0 0.3874328469909257 0.3735684198773991 0.34933795205911145 0.348414388788155 0.37610875028419544 0.37439834225793733 0.3732541733034786 0.3792410880136411
3 30 0.34604956324998576 0 0 0.3473788594724996 0.3214420952430067 0.30810368799908266 0.315754697740594 0.3292863688885248 0.3343932787427153 0.3418329476699465 0.32948050760431
4 40 0.30378654694350127 0 0 0.29835731440384544 0.28262244812786 0.2651503672523649 0.2752852426648348 0.27996830207043855 0.2880980589387096 0.2990911803632358 0.28389742482262526
5 50 0.2732570403154829 0 0 0.26203652936848826 0.2525280229821306 0.23090312836735274 0.24517992692947643 0.2521361935204525 0.2576906921672048 0.27161090933783405 0.24057391416973176
6 60 0.2626275839695937 0 0 0.26429974619549823 0.23687541754455907 0.2218256860973292 0.22889301025181258 0.23126276149582864 0.2468171505743347 0.2626842977469019 0.22985872227500703
7 70 0.2410482344096791 0 0 0.2419643173288169 0.21143977684039655 0.20027792043715495 0.20972999644488657 0.20878980806262518 0.21973349376069182 0.24311859360476792 0.20379818444290124
8 80 0.24402235065630598 0 0 0.24910150322926505 0.21596727446878153 0.20538706640093451 0.20886497971291348 0.20935712712801488 0.21925127943968503 0.2458432570385673 0.20055592400308286
9 90 0.22808258526398165 0 0 0.2267332891489878 0.19355838176690845 0.1887829487305427 0.1958436057828282 0.1952469211991505 0.2073495830360068 0.226305210625946 0.19221847850824073
10 100 0.2082421179927053 0 0 0.20447946869024652 0.17655278047772174 0.17047085919578336 0.18014433078941317 0.17282935378279854 0.18681442865915018 0.20317939287192108 0.1751601873210703
11 110 0.18892488443840152 0 0 0.1799476897646307 0.15512598957659748 0.15135211458426154 0.1639806525486453 0.15769640877928565 0.16227664986988313 0.18443403088488347 0.15594342900196045
12 120 0.1830761894684506 0 0 0.17507193191687767 0.1530177509383901 0.14284163087431975 0.1525835521108425 0.15142257250159502 0.15429214413273168 0.17671202128107658 0.1517517069965856
13 130 0.18496796305220317 0 0 0.18229047104600737 0.1550737421766975 0.1456512522193891 0.15176849546247398 0.1582065113663856 0.15655301921759587 0.17507382071277658 0.1428778989690709
14 140 0.18403628191517984 0 0 0.18308649847692066 0.14772726815299733 0.1448641535520979 0.15436692386978898 0.15904204424983515 0.15377588063612618 0.1740262205039197 0.14610415056603474
15 150 0.1764950004195859 0 0 0.17188556434751898 0.14119302449206084 0.13898230253162053 0.14744599907492226 0.15143842667574528 0.1446996909638623 0.16345243221446906 0.13849020357927969
16 160 0.17129008305394133 0 0 0.16222091868829686 0.1423887123180306 0.13454260122069797 0.14580861750859891 0.1465390483818229 0.13772325786147005 0.1433624577464987 0.13581941722214108
17 170 0.16144824359731397 0 0 0.1504771995291271 0.13538657302149704 0.11992503297844448 0.13340452011248816 0.1354271814878818 0.13155189734548783 0.1330525729265426 0.12824989907387283
18 180 0.13718554061551463 0 0 0.12545466551268925 0.11432715524217281 0.10209197398625955 0.11258991899366028 0.10922528039039013 0.11083649145565858 0.1112108546538456 0.10623254601083994
19 190 0.12491447727255135 0 0 0.11385480719416041 0.10445259735993534 0.09109435452457325 0.09889139557439044 0.09964736157391639 0.09589708697882024 0.10340379604415294 0.0924778639152321
20 200 0.11649734402158105 0 0 0.10986081861022312 0.09717200414947436 0.08471542389813652 0.08875940091289185 0.09103806576003431 0.0852317397887468 0.09854835776771448 0.08722084824917212
21 210 0.11246196777794527 0 0 0.10958796771742726 0.08939714542142982 0.0803283534508739 0.08346175591383362 0.08782526920702809 0.08170677509015882 0.09601762255526057 0.08328302138754907
22 220 0.10625627134395602 0 0 0.10217476648083595 0.08469229119519027 0.07529881903621638 0.08070740420439909 0.07518889061435668 0.07589996486477915 0.09040772849578049 0.07904508515492033
23 230 0.10445259980809543 0 0 0.1033792681014822 0.08291402870013415 0.07528920591261175 0.07656324521149364 0.07429947863547613 0.07539387278925065 0.08562682705497966 0.07549249213322431
24 240 0.09793454401578118 0 0 0.09867875876969481 0.07514393677464913 0.06578485705431218 0.07168534208588757 0.06959542873103258 0.06929047586572165 0.08084353625676872 0.07032314474285524
25 250 0.08830941600371475 0 0 0.08916414218530438 0.06730248805119778 0.05780886859315053 0.06495595062350794 0.05992358661080387 0.06312673478698315 0.06963955581470285 0.06177271067534688
26 260 0.08868568435402584 0 0 0.0884332059934132 0.06680350894344024 0.061214536657822886 0.0629786378522512 0.05866455505265925 0.061826078912609446 0.06894238031873594 0.06303551309861147
27 270 0.07954951862296915 0 0 0.07848230718199824 0.05856462937114984 0.05392427562741926 0.05710689232430129 0.05256572542870333 0.0532811358129558 0.05969718916734974 0.05487134689984339
28 280 0.08060682095482717 0 0 0.08081081613778586 0.06108401472024745 0.05533939709393065 0.057722745357201295 0.04864425922266201 0.05355697486370578 0.05984499288904258 0.05533272904691889
29 290 0.07327147296201843 0 0 0.0716421768996228 0.054889534290853914 0.04936457372920469 0.04952165971435289 0.0448790564660581 0.04790370148752462 0.052971445393216424 0.048235330416835254
30 300 0.06324663442230913 0 0 0.059911897595136036 0.047170716369787806 0.0420361021254844 0.04029493240273573 0.03996867518487059 0.04108779524530842 0.04558474978087639 0.04004644286824173
31 310 0.06180371955467551 0 0 0.05796647457003309 0.04821890924375981 0.04047433518368033 0.038790941434374074 0.04000284094841956 0.04014890026459025 0.04464693575470772 0.037258357730233865
32 320 0.05772888816537302 0 0 0.05407261951985067 0.043294019297499764 0.036930386546899764 0.03631060084393896 0.036075149810762805 0.036837691892466815 0.04082101740415215 0.03427682682881633
33 330 0.05672023818915025 0 0 0.05432153396683113 0.040780337683018406 0.03561447448162021 0.03593750671060317 0.03419156403821829 0.03593966674208123 0.0394863888290191 0.03379671729398456
34 340 0.05198679856411783 0 0 0.04964097144731882 0.03659281729120715 0.0324088614803848 0.032469286909817846 0.030638384797265668 0.03145965144450077 0.03585644359200821 0.030032109477970866
35 350 0.046822495473411455 0 0 0.045302167621019906 0.03295318974575415 0.028437750472402053 0.028877891805823168 0.027280508966615963 0.027407896074343043 0.029908726458000055 0.02729621234213115
36 360 0.043633527084496714 0 0 0.04159493543937853 0.031108343221818095 0.026721499187624762 0.02649765353746526 0.02455294103729117 0.02478847784919059 0.02769919174750867 0.024925159482518874
37 370 0.040797535729642155 0 0 0.03770127996376432 0.02888049510955622 0.02449393217601432 0.025104872174241816 0.02249015941381398 0.02275233020703274 0.02575449016702855 0.022890435232414283
38 380 0.035226099346011466 0 0 0.032627958759301974 0.024281135811237586 0.020328117575221363 0.022043974817434996 0.018873214370828284 0.019421932657948223 0.0217415168141581 0.019217813278386172
39 390 0.03147731891439379 0 0 0.028700970696668632 0.021599145256408082 0.017920683477031102 0.02001508522425572 0.016846976642699914 0.016657395599166073 0.01857762464594758 0.01695319060433663
40 400 0.03261386465849038 0 0 0.0309482922216998 0.02232504733132764 0.018269663818679952 0.020945008693224177 0.017017430868815204 0.01722002807917596 0.02017791694887536 0.01650118287041625
41 410 0.03551408971383056 0 0 0.03578008165642114 0.02437689794310003 0.02015796030323312 0.022579568436205327 0.0183792329896109 0.01940908539101829 0.02188652052786008 0.016920482443310538
42 420 0.04082229254757956 0 0 0.045248806817784315 0.029962220595274126 0.02319457245450353 0.025937369695256306 0.020242270794150065 0.022201104789098394 0.02577517415277215 0.019104304621252198
43 430 0.0440109156795662 0 0 0.05217677334381821 0.033136732689286214 0.024609921345372703 0.02754784200522553 0.02113028630635354 0.024039347975027922 0.02628541747688542 0.020414664221431632
44 440 0.040948954005149404 0 0 0.04910040622901609 0.03034325923091503 0.023324770730716246 0.025094920216271726 0.019601287669481184 0.022148276955935256 0.023977371838436453 0.01868459064590208
45 450 0.042335328025098824 0 0 0.053652952190026734 0.03186574969450844 0.024287822252855452 0.026473606053831197 0.01988997452903159 0.022478630146593282 0.02504039669179201 0.01890064942015675
46 460 0.038542494603039976 0 0 0.04773459206858747 0.028282985133157426 0.022221105108333486 0.0236940251690684 0.01800322449658699 0.020483519854000716 0.022180796206636766 0.017087398400187
47 470 0.03525544097679364 0 0 0.04205809456387221 0.02560017855433523 0.01987942708046731 0.021225700164964355 0.016603933115223533 0.018249927317386398 0.020192606843559384 0.015531806962826673
48 480 0.03655774034765198 0 0 0.04610124318319126 0.02752041145330403 0.020278485196689625 0.02113019007757899 0.017763370413765963 0.01831155621511859 0.021318575338350035 0.016249341103815755
49 490 0.033743376643839446 0 0 0.04041614479380386 0.02496801473761561 0.018813530873606356 0.01943553081008134 0.01618141537968608 0.016913476039422313 0.018766328679685317 0.015363979847651144
50 500 0.031887558453565355 0 0 0.036733562935906024 0.023517475226209478 0.017666428833738656 0.018456306756956253 0.015381491857396516 0.01623051875563207 0.01780326053679869 0.013625921739046948
51 510 0.03466445986076985 0 0 0.04298414787016858 0.028643436959072375 0.019260282441969194 0.019011814714971334 0.01613376641998972 0.01758812046346799 0.019703892954819467 0.014602879760148528
52 520 0.03725261559052776 0 0 0.04691085490445569 0.031885389763648596 0.020340968208408316 0.020053707570887012 0.01779585560419681 0.018159978823600785 0.020843212440993273 0.015583753463117508
53 530 0.036348776846699855 0 0 0.04412422471087482 0.03106724986866164 0.020223433487120725 0.019028231039527305 0.016810238756898823 0.017698955179895337 0.02025758898785729 0.01485002715988224
54 540 0.032991294112627585 0 0 0.04036474234829924 0.028072390983706466 0.018986598740705664 0.01721276736348967 0.014505585181618203 0.01581929648594332 0.017358761665211258 0.013408324421573916
55 550 0.03561053119503802 0 0 0.044375271187290975 0.03066035079345852 0.022424490999386145 0.018806495061309297 0.015359167601536591 0.0161466593738082 0.01942211512434456 0.015149252891987163
56 560 0.03612879875849706 0 0 0.043045684454647425 0.0313514175565209 0.0229346839656783 0.01867066029248306 0.015426095239877848 0.016234503347135703 0.01936678852130332 0.015071793659871994
57 570 0.04347265968083574 0 0 0.05396941058089242 0.03998911592258107 0.027601405052721902 0.022211066687900183 0.01921722415751904 0.019117422721814954 0.022938961223679454 0.018093064483418648
58 580 0.04580764290384482 0 0 0.055529271686638945 0.041561790703348686 0.0286745833747941 0.022043474129323174 0.01998778771047334 0.019630239091522863 0.023602456472259507 0.018918762673359617
59 590 0.04154449196588922 0 0 0.04841187576929474 0.036830742328912064 0.025411408099264614 0.019929718231282877 0.01851638758682309 0.01892352970077282 0.020576324571029557 0.016744260759068697
60 600 0.03929063570565052 0 0 0.04440070433521209 0.034555587589998576 0.02396812483984591 0.01918302892024875 0.01741522971736947 0.017950542993866506 0.019338401806047338 0.01588455180347608
61 610 0.035995767025192554 0 0 0.040450926635473505 0.031542061369263776 0.021183117527731467 0.017099004173171867 0.01570394823729625 0.01675874928932347 0.017769315055628836 0.01451561145607541
62 620 0.03160987915906582 0 0 0.033231894183006386 0.02669231448402188 0.018170572120210615 0.014712969372266274 0.014058444690545369 0.014716462150336432 0.015274250794634946 0.01223780792713186
63 630 0.030233554634744142 0 0 0.03130026922557345 0.0254602323800504 0.016770074009981577 0.013985252711870021 0.01322522724831247 0.013892423939710912 0.014665519413548985 0.011729828704981288
64 640 0.02918602683075857 0 0 0.031247732022687675 0.02565484880278023 0.016661362199425975 0.013109679382532616 0.012973485867874938 0.013023308209133064 0.013997720587718664 0.010749153414849133
65 650 0.030173810847877004 0 0 0.032927800911629675 0.027425579760732847 0.017425513288444983 0.013713337277586182 0.013351287891883388 0.014036741601730737 0.014420665517208544 0.011227526564958543
66 660 0.03393043382279679 0 0 0.03812803034425462 0.03262861592562984 0.022290002880998534 0.015329055045542841 0.014899648987692084 0.015753067310537733 0.016376852820263948 0.01266741961061972
67 670 0.03648035347369791 0 0 0.04119039355670929 0.036926786382820785 0.024230733717140154 0.01631538751358767 0.016037363086320734 0.016827430444413198 0.017433709902300084 0.01307614764243641
68 680 0.03400140347852659 0 0 0.035748398088245904 0.03243488027330932 0.022353909916697445 0.014837187751656733 0.015224137416515094 0.01562084165269095 0.01597157201060791 0.012059558532765751
69 690 0.0333240587495933 0 0 0.03522063055395909 0.032200650820199996 0.021586094950995373 0.014467729040672743 0.014380337916600065 0.015327352046746973 0.015310602483062053 0.011432572923700222
70 700 0.034529687295967976 0 0 0.03623949321263074 0.033930982976960254 0.022842600805021873 0.014921819941039985 0.014103819951499983 0.015485693945662163 0.0156740804087118 0.011754626693212979
71 710 0.03373545676984474 0 0 0.036181119451937874 0.033950646227316195 0.02277821883378411 0.014466428997538857 0.013770522638213866 0.014120301734345538 0.01535918328978811 0.011417281611702067
72 720 0.037911449987246375 0 0 0.04026321304692704 0.039816988635677224 0.02747329280731045 0.01616988343844155 0.015507419691568257 0.015879836829420617 0.017202586583346387 0.013121560970123814
73 730 0.040895733111522024 0 0 0.041593444879592024 0.04156365779872169 0.02963608568184845 0.017047983140636772 0.01578008153811079 0.017141567747977315 0.01868464009109397 0.014046520979586826
74 740 0.043878253637282684 0 0 0.04529270070818692 0.04697069203960232 0.03496679152349251 0.018927639232268458 0.016932716743210004 0.018289638593492332 0.01998260097026573 0.014261239977416846
75 750 0.04481712463723313 0 0 0.046470571248494595 0.049883984296593235 0.03711603842544953 0.019045634575885116 0.016496241252761265 0.018539887182253523 0.019917768746642677 0.014199764712492133
76 760 0.0512680090777574 0 0 0.05268241195993881 0.06132771051895237 0.047315160060778655 0.02157661719430316 0.018913423709129552 0.021101147286364644 0.022113028954582968 0.016371101759982288
77 770 0.04795998433736685 0 0 0.04777792656587507 0.05653003374990806 0.04308394434509613 0.02028581893697068 0.017318186336069803 0.019711205227833716 0.019820860589349683 0.015119858956247297
78 780 0.047994604466317044 0 0 0.0474914923742118 0.056418770681699516 0.04303091487558215 0.02023147238462784 0.01728458252489097 0.01971462594211986 0.01880328505743467 0.015387080574380636
79 790 0.04533432236825447 0 0 0.04368175881596812 0.051693915576553826 0.040135672012425336 0.018432614665367195 0.01616648406624598 0.019128150361067565 0.017578106382517 0.014697758477762057
80 800 0.03998630111328913 0 0 0.035657106233291984 0.043721067956126416 0.03471912696105085 0.016179914213906344 0.014241407312288148 0.016224861059292023 0.015660537016941617 0.013123746668691504
81 810 0.036286478382197965 0 0 0.030772659858535556 0.03862371259549388 0.030978236818490244 0.014523192106269775 0.012579764988677132 0.014759015093956948 0.014025019616846731 0.011813978103254621
82 820 0.034850797417180696 0 0 0.02932899068471831 0.03703417018182323 0.030537666390894166 0.014664604098859788 0.01189735504317277 0.013968587439246467 0.013147800610040011 0.011171581707338807
83 830 0.03282332794689765 0 0 0.02543101833541249 0.032560129654889025 0.028179151039356875 0.014058112033203703 0.011277970624949046 0.01282408150302561 0.012574325747001422 0.010631130937210817
84 840 0.032310491663311125 0 0 0.023679059447153195 0.0310238012123533 0.027239163062389608 0.01365495102989113 0.01117214058568888 0.0124922656768758 0.012134958465470157 0.010261840661008782
85 850 0.0314976130816646 0 0 0.02288789279068346 0.03017194886995537 0.02639628511832268 0.013268186262423123 0.010937009365036046 0.011900234977448864 0.011709238815172454 0.009725952846909587
86 860 0.028769250833117942 0 0 0.02007530970366243 0.027338882364345143 0.023978236043114838 0.01203708400541243 0.009915010641957385 0.010779376101249719 0.010570964346802514 0.008722824442616654
87 870 0.0281592168720721 0 0 0.019438978808107337 0.026135477720896125 0.02299599430499226 0.012063798127830157 0.009731216113107084 0.01038748521935499 0.01011629841854643 0.008455992310885035
88 880 0.027289843217160405 0 0 0.01848016128846773 0.02487369214178029 0.02240168963616024 0.01206957597595156 0.009458629634579678 0.010016234775455189 0.009651274473372391 0.00812249536075176
89 890 0.028560056308380783 0 0 0.0198588619095618 0.026309563711794045 0.024102025559749142 0.01291578567438959 0.009875651296440453 0.01047593614064004 0.00987784311312949 0.008400635687374374
90 900 0.0331119739596051 0 0 0.022515266191980167 0.029216309363632377 0.028373673571112073 0.015369751703871549 0.01122166175613277 0.012148427279737441 0.011650774680313758 0.009594494876649385
91 910 0.03706607074415629 0 0 0.02520909634269326 0.03281947880483006 0.032282173183989404 0.01878007113701832 0.012432385247293667 0.013529010065818796 0.013015090713876503 0.010687529909509564
92 920 0.03726781427307649 0 0 0.026351615373685574 0.03407565181143434 0.034270559117791276 0.019449940559437356 0.012103782275394452 0.01318281614885658 0.013062850282967633 0.010172266915217186
93 930 0.037618875971486394 0 0 0.02666548076812423 0.034201683251514625 0.03429380963007105 0.019543373930011838 0.012222309417435318 0.013248712097334988 0.012815067570781675 0.010054308866047653
94 940 0.035808261686642515 0 0 0.025299666615528203 0.033222404486101545 0.0327771266892667 0.018566358944677896 0.01144290264577991 0.012767843384763165 0.012029309073939037 0.009679919909384892
95 950 0.033447641291962406 0 0 0.022939585325884113 0.030093992300854373 0.02984895183644911 0.0173885107315248 0.010484200694565104 0.011663356598206973 0.0112022109501894 0.008947407672175715
96 960 0.03227444831311715 0 0 0.02194182309478082 0.028711759422227263 0.028362366588616888 0.015996846546607366 0.010096274118416869 0.011370094059088268 0.011074285443234294 0.008604872635416897
97 970 0.03438794145534427 0 0 0.022441006198549492 0.03023593075766714 0.03084328821336765 0.017223599660234405 0.010696008245016786 0.012889326610767932 0.012116177026832035 0.009166217869782514
98 980 0.03493385297328864 0 0 0.022338363646024862 0.03051581362816337 0.03128892185817296 0.017774432093403823 0.01094696906497685 0.012692376864054762 0.0117611678459883 0.009166058743718487
99 990 0.042610405504372555 0 0 0.027104650257493368 0.03638062072331703 0.03713754112207798 0.0224965492294109 0.013814116644390854 0.015153915310968838 0.014308634950125954 0.011060011672491625
100 1000 0.042852279608260206 0 0 0.02598560760040726 0.03513929861523083 0.03633847440262913 0.021958818043468345 0.01395202934275901 0.015424178888377122 0.014184230338919695 0.011072879212168926
101 1010 0.03891317729931846 0 0 0.022919331725449674 0.03174042788375312 0.03305376497791987 0.01973867026675109 0.012482982707086572 0.013814784541172322 0.01227906908025035 0.009965076819831924
102 1020 0.03890183465688993 0 0 0.022739423475331578 0.031411491491834205 0.033000410636999655 0.019575440982374244 0.012209924155978146 0.013810573162604853 0.012050368537418442 0.010519764174178768
103 1030 0.04200047030800612 0 0 0.02394308922718711 0.03267378184643205 0.03414800888888863 0.020993443187931813 0.012968988707669514 0.014622680590690891 0.013149771928222559 0.01162341956127786
104 1040 0.04302224119714325 0 0 0.022965297281293737 0.03184090505032505 0.03380675169275145 0.021232251747221504 0.012593104699623601 0.015088840731971668 0.013197553020796947 0.0121395872290576
105 1050 0.04593055477607467 0 0 0.02437754208084901 0.03375929699584713 0.03690337003971303 0.023981273143207815 0.013739222988062091 0.015824530460344627 0.013850880021028883 0.012889070875528125
106 1060 0.050928698041963594 0 0 0.025028715105425287 0.035962373856522935 0.03995408374108528 0.027793549897882647 0.015294841765097019 0.01758777117589365 0.015048608707537733 0.014159152778809577
107 1070 0.05098114027567376 0 0 0.024105931166311476 0.03451757466758715 0.039177667481281125 0.027287641909628457 0.015479879049521706 0.017978903282104372 0.014797662831243463 0.014019845996002228
108 1080 0.05278373927057413 0 0 0.02540029662270112 0.037081364026357574 0.04199815149435828 0.03041191875715327 0.015875869163465818 0.017623306289099964 0.015234874906513417 0.014095822124752272
109 1090 0.053123393016607276 0 0 0.024791488689609825 0.037407732192870635 0.0424456553936046 0.031533512468551406 0.01617657825044568 0.017681111358751375 0.015228263490742217 0.01367515563004134
110 1100 0.05336292854348742 0 0 0.02512580783435354 0.0370526820367948 0.04221980721855063 0.032138823021715224 0.017082761174328623 0.017145097201555607 0.015239535582540103 0.013475585295426867
111 1110 0.05530406819930409 0 0 0.025410969296393603 0.037940645935658476 0.04375956117349936 0.03400367168527082 0.018219804393911083 0.0174988580620629 0.015851898534067266 0.013581894748712872
112 1120 0.058053395011459424 0 0 0.02486687942756836 0.03682743443172015 0.04411166444546273 0.036082650698535716 0.020364593719159663 0.018175917406122653 0.016467075937095513 0.014398449754752294
113 1130 0.05774803755419652 0 0 0.024091204914135727 0.034375866858263666 0.04236143826518351 0.03608170725741082 0.020970649713172328 0.018140193483006977 0.01654487796545215 0.014221281707917425
114 1140 0.05258424890227678 0 0 0.021409000732951242 0.030306144943213605 0.03825024025363486 0.0330221833305959 0.019480855528757845 0.015553771874736373 0.014657555259716373 0.013341207691510527
115 1150 0.047744843816115504 0 0 0.01925800710315742 0.027210797443030732 0.034681535136303066 0.028983091220931977 0.017434110240125582 0.014118706415525628 0.012997815087074356 0.011740629537302467
116 1160 0.04754291138621016 0 0 0.020398885147284176 0.028716356995543226 0.03599993020981117 0.030038212562433244 0.017277363197594688 0.014254683337910818 0.01319940906230145 0.01117142733294176
117 1170 0.05406440288751889 0 0 0.02368106121554403 0.03234416040653185 0.0411692069468223 0.03609523005092395 0.01941846673524978 0.015772393687893085 0.015545553181293203 0.012189436920803518
118 1180 0.05281639346656609 0 0 0.022430007246548676 0.03225003332369533 0.041460391818194484 0.03624503425830054 0.01876910034719794 0.015819017476300577 0.015008579222462598 0.011765607279536378
119 1190 0.052072359390667435 0 0 0.021840178246187242 0.03189523310249223 0.040493083574087464 0.03604952167038546 0.018545843549676557 0.015028307209325626 0.014836966005848704 0.011577425917952572
120 1200 0.04856441172694279 0 0 0.020331882659252946 0.02971176049955195 0.03765616382703218 0.033850681697789375 0.016943788611295404 0.013932511025250106 0.013802885470332454 0.010329617547016652
121 1210 0.04894390094043558 0 0 0.019714700664908623 0.0293060094314566 0.036328541238178955 0.03286608903469477 0.01650451098836362 0.013738712824601719 0.013648765486652194 0.010562994981436345
122 1220 0.050237084928477525 0 0 0.019873318723462353 0.028282209195535396 0.03491940472035022 0.031209119113355457 0.01675174695802243 0.015010479253113553 0.01381237338876399 0.011876268020892044
123 1230 0.05000696360750268 0 0 0.019442212863360835 0.027631806500981206 0.03434993353001285 0.03173586432704046 0.017329805735921334 0.015256104893695586 0.013744529974919529 0.011800725886732802
124 1240 0.050077029827119326 0 0 0.018036001789462207 0.025242707338792122 0.03252880488969873 0.029997045428748745 0.017726800330712816 0.015588065102814333 0.01381662084393257 0.011851365085512397
125 1250 0.05125110737457528 0 0 0.018755387443164753 0.02504383349980823 0.03257207754789818 0.030835178270056867 0.019327865262604594 0.01678443779169613 0.014215740409398698 0.01292052860616243
126 1260 0.05453385868261836 0 0 0.020917180720966815 0.02820648813596222 0.03674796575375451 0.03489247551686087 0.02193520954650593 0.017368492778117105 0.014493378548859933 0.013648832690048122
127 1270 0.06073111889014525 0 0 0.022585861814741537 0.030972770721723785 0.04180237622388679 0.04195835707125148 0.026728681153063448 0.018821313264494283 0.01680958635529222 0.015152779157522552
128 1280 0.05831536961784788 0 0 0.021547655788293762 0.029112590646823432 0.03927053944469904 0.03986050273588847 0.024831025634009896 0.017724282729453048 0.016157610119712555 0.014593536765124156
129 1290 0.059986294670741194 0 0 0.02256564109140463 0.02994373024847631 0.040151265144149684 0.04114478963724157 0.02762296438315879 0.018232207540255032 0.016409135095368736 0.014787220220108244
130 1300 0.0625856935844919 0 0 0.023761017218213703 0.03141960676816045 0.04241978764013149 0.04419119397841946 0.03036715737052405 0.01871482008410853 0.01668938515716824 0.015326561793979085
131 1310 0.059375217493543866 0 0 0.02240233327637218 0.029509856515734623 0.039624086875035214 0.041104296792079505 0.029165386844276702 0.01755380514597162 0.015626072529059665 0.014496861144630795
132 1320 0.05689548743825743 0 0 0.02138573546547521 0.028036186418292933 0.03741308565274681 0.0384260174676044 0.02758250332374459 0.017713308928998375 0.0147464511191639 0.013745547025255274
133 1330 0.05969594399018472 0 0 0.021537655015943215 0.026896761918601367 0.03718609788095691 0.03943106436682429 0.028868512483229795 0.019813942493814067 0.015476749089051733 0.01447139038628074
134 1340 0.062461615065868815 0 0 0.021790080370621388 0.027721598072884202 0.03912056375644729 0.04242167197382373 0.03233604996768412 0.02071158116301331 0.015311297580344328 0.015241069769511166
135 1350 0.06479059444720461 0 0 0.022616858315811166 0.028108058069761608 0.04092938824137104 0.044498812648750795 0.034784639132951226 0.021544191678921253 0.015648592055707036 0.016062398049002957
136 1360 0.06886711983308891 0 0 0.023737909739226654 0.02923126064018376 0.04247651357825353 0.04483897132836171 0.036654299289934245 0.022999091697380562 0.01652365099110725 0.017019884937683253
137 1370 0.06634153249463672 0 0 0.022233713983760523 0.027700925834144265 0.03917470506235233 0.041163734936270444 0.03441323306030247 0.021397916565834302 0.01587024291747261 0.015828223147437447
138 1380 0.07079459967937211 0 0 0.023194565422853048 0.029162855082424523 0.040962613574746405 0.043337132454887774 0.03680875794425125 0.024366599822273488 0.016419276895570226 0.016339724330482405
139 1390 0.07646785544539138 0 0 0.023657649769622122 0.029660948730915522 0.04251648535477152 0.046179871619833224 0.038589512638006675 0.02682059966152645 0.017594225037944698 0.019074969769121205
140 1400 0.07413376581714669 0 0 0.023065199908126718 0.028861989904100126 0.04083669723127618 0.0441321023372592 0.03605970725927271 0.025603869830210894 0.016913306735753746 0.018751608875657577
141 1410 0.06847854614806814 0 0 0.020970641869282932 0.026633789580317407 0.0369036856350119 0.04022787680580984 0.03282560011285348 0.022914030431693544 0.015581100498578438 0.016548188269274892
142 1420 0.05909938188497188 0 0 0.0168565789673055 0.02184678788513916 0.03016199985206131 0.032706756705658716 0.02591865645719084 0.0188310271491069 0.013306575828148993 0.014289639294320143
143 1430 0.053979828913146316 0 0 0.015237409646160618 0.020005254487382173 0.027320559647520563 0.029858379685989526 0.024048781513654752 0.017313738628406475 0.012169026976391942 0.012796158430286773
144 1440 0.05296362673640905 0 0 0.014853427995753095 0.019567250809480637 0.026746067142399025 0.029179005122888582 0.024018985924767366 0.016832395584121973 0.011999369385638458 0.012300579833062372
145 1450 0.05805339358534925 0 0 0.016790712223093484 0.02284984241149544 0.03147547628895975 0.03614778635789565 0.02954302689120771 0.019495751426878573 0.012939912382846499 0.013569782324469419
146 1460 0.06542861461760452 0 0 0.019207374897084163 0.026333293890492885 0.03708873354768595 0.043784628898273524 0.03704826882016235 0.024628326251459925 0.014375486871160945 0.015698770477503128
147 1470 0.07366427509102612 0 0 0.021254347208932024 0.02858589231926352 0.04072479969115071 0.048455740585827065 0.04336114018334182 0.030097587120928346 0.015965279226512627 0.017637564532213663
148 1480 0.08386286517521563 0 0 0.0241499082121739 0.03247886508011291 0.04559214403793543 0.05553467250409473 0.05245700581083293 0.03682538025221326 0.017423755651344408 0.02003062116662318
149 1490 0.0959684090488517 0 0 0.026955925499629288 0.03705343135047404 0.05291653861464176 0.06654050305547475 0.0644807072495882 0.04548141088715874 0.020136761178241248 0.022258671578881395
150 1500 0.10551137211500197 0 0 0.02815364928798522 0.03854931015026875 0.05516214928856718 0.07230351628732565 0.0721597435761487 0.051942450392160604 0.02311736916382515 0.023807658719832148
151 1510 0.10255667228436736 0 0 0.02648809841593097 0.035723555179818255 0.051403327020061444 0.06696071000851235 0.06601185706420355 0.046695559675694324 0.021822581618960064 0.022248349311614655
152 1520 0.08854446552013472 0 0 0.023039834691328625 0.030974033080288805 0.04336495956566611 0.05721214056052193 0.05720596632764012 0.03986076414316892 0.01871036671372551 0.01891858988013708
153 1530 0.08699728290759982 0 0 0.02193272465841119 0.02946446987481904 0.042153755621444286 0.0550955685348375 0.055355739377253695 0.040366264413250565 0.01873455087238481 0.01788550032105347
154 1540 0.08222084459501294 0 0 0.02041917890875447 0.027607099128358615 0.03931469705553403 0.050650400351979236 0.050410377571727324 0.037439147454612395 0.017958329715877755 0.017155914947295365
155 1550 0.07952356474279274 0 0 0.019639879816961775 0.02735343194115889 0.03859489708702695 0.04995545595773031 0.05017566143426329 0.03829186157700057 0.016980962884176543 0.016710738873246703
156 1560 0.07923867472686705 0 0 0.01886781656907948 0.02651207172250162 0.037779795823217645 0.048330723425133844 0.04909244753360578 0.037939893441272014 0.01742616792625818 0.017045502954698262
157 1570 0.07774595069577446 0 0 0.017905591881516657 0.024730484222927465 0.03533086895494319 0.044402414165031094 0.04486454921646043 0.035503691289036673 0.016916463088157467 0.0171521542892539
158 1580 0.06888916200938855 0 0 0.01565874399252394 0.021372334908744902 0.03061677245501858 0.03816104430652839 0.038270392257365275 0.031058242720702886 0.014468559382646724 0.01487038516734154
159 1590 0.061184005491581345 0 0 0.013296298326163209 0.01772497656151655 0.025777894200970833 0.03242921736752497 0.03335018005938481 0.027266755391850056 0.012787790903565325 0.012693612940844288
160 1600 0.056393121726421684 0 0 0.012068746785375907 0.01587073296555365 0.02349393592408531 0.02924661400923425 0.030145866971100665 0.02482738805259345 0.012118088167354376 0.011718354144580674
161 1610 0.05245335702076149 0 0 0.011062075853948073 0.014387844079178317 0.021541387571463136 0.02743602158340801 0.028843690615253083 0.023442379637192413 0.01154333441973606 0.01088746098622166
162 1620 0.05215983577297553 0 0 0.010757442463812886 0.014182151385033898 0.021336394013146368 0.02730136769137301 0.028362202760467182 0.02348893252536325 0.01144835288112952 0.010777739123476298
163 1630 0.05252308347072687 0 0 0.010753532077121562 0.014102962856335997 0.02107098849017906 0.027452769301159544 0.02890342697587069 0.024859210724423757 0.011677384611918421 0.010780892277899806
164 1640 0.05488362617382936 0 0 0.011146234712206165 0.014539796913561234 0.021127981769097966 0.027778245191257694 0.03066389897999461 0.027672365345545624 0.012558948322837703 0.011296666208775098
165 1650 0.04926198565010729 0 0 0.00976580159625173 0.01209426278840863 0.01784303223954676 0.023408149735677636 0.026819548900906057 0.025358223961046252 0.011442326478364016 0.009981441881925936
166 1660 0.04703117371383944 0 0 0.009084026508826127 0.011056632556115442 0.016512782028559166 0.021510431691811514 0.024920239691661142 0.02351960165586398 0.010796781591258128 0.009688021088690359
167 1670 0.04624805514279513 0 0 0.00890827753454609 0.010811696722437482 0.01583668610483521 0.02050777321918149 0.023540111171969764 0.02247653493239525 0.010856268037209947 0.009375563891618427
168 1680 0.04528324071661428 0 0 0.0087004332406986 0.010530250695452681 0.015479449853651177 0.019908375926863286 0.023041004860497344 0.021850369105242344 0.010749217950974712 0.008911884566847252
169 1690 0.04624330400182714 0 0 0.00875715441273643 0.010572080504336749 0.015123659167743964 0.018758004836857203 0.02184611617976756 0.021277259809016475 0.011555772938148481 0.009122924013803121
170 1700 0.044100211437818324 0 0 0.007844473904741432 0.009821293039100868 0.013937378873835313 0.01747075452477774 0.020268628168077472 0.019690916461742623 0.011103337480884642 0.008716981503316151
171 1710 0.04733614587747767 0 0 0.00850282440749702 0.01048949225455048 0.015305446110012702 0.019543268506579694 0.023038887558144275 0.022194322130476906 0.013250025262907361 0.009026794909423382
172 1720 0.05359397388534262 0 0 0.009187156997038917 0.011626080009289597 0.017005798560714026 0.022456662245705864 0.027978106375587262 0.02685480915380105 0.016414059207313925 0.009540349787435773
173 1730 0.05205615844783672 0 0 0.008668145305734601 0.011040268138893031 0.015800517881943543 0.020945085229775683 0.02645425179681861 0.025612711309899196 0.015655947497515105 0.00909230644493511
174 1740 0.04868819764208667 0 0 0.008183121977806788 0.010325454570860697 0.014589827547172165 0.01958281530013163 0.024467531408946967 0.023320312077008538 0.014205815965103811 0.008409166042936938
175 1750 0.047257077780987054 0 0 0.007647067231106672 0.009499858115119032 0.013900821614587838 0.018699024784199096 0.023389596705954564 0.02310693540894368 0.014297255510171497 0.008038191238788552
176 1760 0.044570407704740994 0 0 0.007069925367187173 0.008856509906807175 0.012939924046294963 0.017854884297998305 0.022275326071210112 0.0218111973401215 0.013316758906309904 0.007501755814088356
177 1770 0.046857660641943515 0 0 0.007417751301352968 0.009463565657110814 0.013381111222757444 0.01854784120036646 0.023205669326812603 0.02276707627314906 0.013840365224879018 0.007885698562711367
178 1780 0.050451673885437955 0 0 0.008072669558163189 0.009882429615299252 0.01374236644943545 0.018992642892448584 0.02448628121275481 0.024203954908147324 0.016076552581743318 0.009004872284302775
179 1790 0.050330666292495406 0 0 0.007824763059238913 0.009601006550096521 0.013610244772286662 0.01927239426200416 0.024747973201721073 0.0243958006698174 0.016633662537934954 0.008614087224271457
180 1800 0.047488022155246244 0 0 0.007323403618409267 0.008897290758645773 0.012452228365877279 0.01757755229798185 0.023437527247453353 0.02306547842643581 0.01602129758450305 0.007893504952266867
181 1810 0.04626964545129926 0 0 0.007005397078134614 0.008689131305700244 0.012070183652543223 0.016772390351722524 0.022192595831514977 0.021920107231783382 0.0157534183263459 0.007984287916281809
182 1820 0.04708386628888924 0 0 0.007151686436508232 0.008495680392471228 0.01216063071849557 0.01667760528421325 0.022254813924005853 0.02217287237842523 0.01604577863130657 0.008368479896875664
183 1830 0.05123914257088143 0 0 0.007508141654635501 0.008951586699236005 0.012467080669904894 0.017253384820657792 0.023800985769571445 0.024346454222616425 0.018630436708100013 0.009840109023161165
184 1840 0.05776854797975631 0 0 0.008447813963805569 0.010200977867263391 0.013879278342856124 0.019696213089210376 0.027330537864311787 0.027728005120662806 0.022035673010429066 0.011947596815736528
185 1850 0.0565550256029614 0 0 0.008348692876070155 0.009857912076926694 0.01358945788548298 0.019124979124143182 0.026306601331326323 0.027283811270544422 0.021306554475039857 0.011643471337060283
186 1860 0.053353633121293244 0 0 0.0075770189538845265 0.008896906475982513 0.012513907678925571 0.01771218970437524 0.02443779579775613 0.025843849214689206 0.020352900989417437 0.011316121558997227
187 1870 0.05937549594148051 0 0 0.008207144828816664 0.009728785683262487 0.013808466401507619 0.019404053157284867 0.027043046059523047 0.029255556417123716 0.023218849647767447 0.013145800773425254
188 1880 0.06923930920293893 0 0 0.009314670302874696 0.011412992406409658 0.016735828110164937 0.02376736709170559 0.033558554508546654 0.03918004095877646 0.03215837924262472 0.017344797501481282
189 1890 0.0701267755116891 0 0 0.009269959766228632 0.01152921980385633 0.016784272120069495 0.023469525406577308 0.03399014009684817 0.039959392389123605 0.03349108278021885 0.018232758448211598
190 1900 0.0926877442289303 0 0 0.011923486466586877 0.015136322744483255 0.02198183274063124 0.031247891275526067 0.04583245019830702 0.0561009992647025 0.04966254339363439 0.02676095875172928
191 1910 0.10964070771606456 0 0 0.014322636782174561 0.017948529439176374 0.02560132220036656 0.035725813208739576 0.05201656149244636 0.06266002306989382 0.05657300427181985 0.03181314958931023
192 1920 0.10173924239753854 0 0 0.013186289957749604 0.016840600194061334 0.024141752903480668 0.03204270307193619 0.04746537104097424 0.05640809338002904 0.05171013967743498 0.028936351705949662
193 1930 0.11232167704739926 0 0 0.013932932111444758 0.017608480444616974 0.02513838801594115 0.03312670588048363 0.04964541868155737 0.059957461968990086 0.05730492933834603 0.0345647835248836
194 1940 0.11592243781886494 0 0 0.014186103598666514 0.017237281091357602 0.025452533402795595 0.03435501900433392 0.05087818843767374 0.06284260510896625 0.05989173456978404 0.03749471220054331
195 1950 0.11346270045534831 0 0 0.013543581349121255 0.016685529967869917 0.024665098910879726 0.0319524949903771 0.048453779604840756 0.059407388449060454 0.05855486007093211 0.036145942881168
196 1960 0.11121558453060455 0 0 0.013211656926030371 0.016179171349352504 0.02409644973422924 0.03161660631061997 0.04814995039309111 0.06022973345768952 0.059974984379664795 0.03675441259294039
197 1970 0.11304422870360123 0 0 0.012747502062304681 0.016140006461166118 0.0244454196150475 0.03186476813227851 0.04830180943405204 0.0609155486249453 0.06049511413247341 0.03771494970533932
198 1980 0.10153323747212113 0 0 0.01099459718617188 0.014103942936487207 0.021763094250930582 0.02782354364120532 0.041370999630552456 0.05307046800897928 0.052854169325112305 0.033528283746197644
199 1990 0.0948908898399604 0 0 0.010004514378053117 0.01254715232358856 0.0193813398754372 0.02524600953218789 0.037854981720958934 0.0496382288258483 0.04925215694659614 0.03147799726272051
200 2000 0.08044600886423546 0 0 0.008063892525080225 0.010203600185881847 0.015421564684927811 0.020827067891185463 0.03188732336978936 0.04174872819756977 0.04188486727101858 0.02668740964281073
201 2010 0.0697670958829255 0 0 0.006842945079592891 0.008723326180320675 0.013297213895078269 0.01772481469501045 0.027013986245379148 0.03519555395503323 0.035205924290495655 0.022506072332871736
202 2020 0.06872286703699236 0 0 0.006554600356738929 0.008407507063783088 0.01275493756957263 0.016604776322257007 0.02496112997505356 0.032704822676884085 0.033781415488281445 0.02225587490110241
203 2030 0.06467078831019185 0 0 0.00588129430534869 0.00762646515650043 0.01131269201371409 0.014658190943673608 0.022288086976882424 0.029637305664010353 0.031619850549154956 0.020961622906283027
204 2040 0.05948677808179263 0 0 0.005292690518528329 0.006572085730776991 0.009666283640034039 0.013181144782460807 0.019852451503348148 0.02664886183504021 0.028636038057617472 0.01930769636901168
205 2050 0.05264253888638394 0 0 0.004440581701165491 0.00574496163142973 0.00837588493178036 0.01146473205745371 0.016985269408851627 0.02294691018050784 0.02455981348215937 0.01678473750932173
206 2060 0.04531566916315306 0 0 0.0037348227341926204 0.0048017609985521814 0.00696855072297039 0.00934857737849041 0.01431620297576833 0.019441057338367887 0.02070359493954636 0.014198981648018956
207 2070 0.043664808002424296 0 0 0.003554879940774437 0.004687414730411249 0.0065844741186460495 0.008861138443404614 0.013780237337070164 0.018822949538111935 0.019883070901874255 0.013821475486774367
208 2080 0.04660041954619452 0 0 0.0037587561797206453 0.004884936407068737 0.00696457084632285 0.008757220958398228 0.01378300335376519 0.018605498713205115 0.020325323776080605 0.015039446986661953
209 2090 0.046851048873001365 0 0 0.0037890601858733934 0.0048692943886357466 0.00665940952564578 0.008316316282828199 0.013110601135059085 0.01762755017198755 0.019270371878505364 0.015115651869011308
210 2100 0.05376993330422195 0 0 0.004396106024311083 0.0054461950499955095 0.007713584400606683 0.009464319682804971 0.014607201788722173 0.01996689063067989 0.022900684348629217 0.01942751262771656
211 2110 0.054654425650142786 0 0 0.004454940169951632 0.005389958524365344 0.007680434292876455 0.009614755336346209 0.01494266620059763 0.020704563425321905 0.024416399561414927 0.020780065019319865
212 2120 0.05451420950053402 0 0 0.00443499225366687 0.005299408758079148 0.007401102413181707 0.009387687998174944 0.015115801818510619 0.02112701062810172 0.025020004689132413 0.021799642453280116
213 2130 0.0586793366962857 0 0 0.004805858039032376 0.005593721727305474 0.007924254211386643 0.010017073859018084 0.01604591215866234 0.02200464878715037 0.026239606600738038 0.023770073986393688
214 2140 0.0608337159600177 0 0 0.004969534568453057 0.0055291403033715224 0.007786664817752286 0.009635132674655362 0.015744154770359207 0.02178271346830776 0.026486404417589555 0.024805008976433993
215 2150 0.06248284988864713 0 0 0.005038507287088048 0.005703637018495352 0.00786184919003663 0.009332902552626128 0.015296172037655114 0.0214725465376765 0.02694901639658865 0.02582788137001661
216 2160 0.06679240009782744 0 0 0.005602959844945866 0.006185057745910704 0.008356268744585574 0.010110055916472648 0.01660904368488527 0.023307916271205896 0.02983199695814264 0.028864085684066624
217 2170 0.06633774963320455 0 0 0.005454273441054345 0.005764956826770089 0.008212322940402228 0.010145951393227885 0.016323689082055337 0.023473293356638947 0.0307150551633988 0.029624036729644358
218 2180 0.06195185092281066 0 0 0.004962717527877388 0.005409454086234884 0.0076730271380843805 0.009441236130411616 0.015130027124915122 0.0216887224330647 0.028080801180388304 0.02692353921088361
219 2190 0.059230433246226295 0 0 0.004679020966245355 0.004982741028102283 0.007357032342073339 0.00880629415865433 0.01404233572802225 0.019986177067939967 0.026197629270684992 0.02566695066595191
220 2200 0.05964291140802253 0 0 0.004692754553222858 0.005130180031590277 0.007343124190997951 0.008569824129796275 0.013792385089328852 0.01991280280426343 0.026185511074523906 0.02542136597342744
221 2210 0.05835716369089222 0 0 0.004513147867406034 0.004995139870451603 0.006888115512373101 0.008365496091808262 0.013439055535019055 0.0197590711110911 0.026376778787211355 0.025610772246967763
222 2220 0.05737574663471136 0 0 0.004380551808148944 0.004762803067697279 0.006746071116226032 0.008142587666063513 0.01313821977344194 0.019244811071242283 0.026097685126151716 0.026163646209479235
223 2230 0.05638879963248292 0 0 0.004246037597009168 0.0044178811303054585 0.006782788417968944 0.008127042912994114 0.012723301814697151 0.01840629109584554 0.025567516847207046 0.02619187331304485
224 2240 0.05937703149155305 0 0 0.0044042512821694975 0.0046957061059927675 0.007188379735740311 0.008728335332264608 0.014358872522104275 0.020646671459314352 0.02855652189696605 0.03044125223337617
225 2250 0.0703161651438987 0 0 0.005259353056373667 0.005554459080353132 0.008304573317243347 0.010212219963823568 0.01654895986276239 0.024276289561440706 0.03380181976199124 0.03733128857796517
226 2260 0.07565082092467944 0 0 0.0056313961106013105 0.006017183915960713 0.008655743925274415 0.010593752203448588 0.017182049313118973 0.02488572455614525 0.0349530888130585 0.03948833954096571
227 2270 0.08130396720453235 0 0 0.006067558470487241 0.006471691437600737 0.009265858124540982 0.011187303624599906 0.018070434583831844 0.026308579238796013 0.0386398859813136 0.04419865100284948
228 2280 0.06965922944690517 0 0 0.00515158130082293 0.005450728492392065 0.007831550165418047 0.009303729496949539 0.014928289087777609 0.0217233058387778 0.032332406731093666 0.03740064633138316
229 2290 0.059840185854420115 0 0 0.004413048462836602 0.004703922680474642 0.006708623904555745 0.007926189974025931 0.012647542112946473 0.018522431586244528 0.02745372082679025 0.032119467329191964
230 2300 0.056371573227590704 0 0 0.0039558978093368865 0.004567664565214114 0.006397178886184142 0.007186282758475649 0.011347863224500692 0.016514404491167912 0.02421915117429024 0.02814770388711645
231 2310 0.053031399872298074 0 0 0.003753142102801226 0.004183805348545801 0.005916552809543413 0.006350835029866691 0.010032578553653484 0.014848956811527512 0.022154289995117326 0.026428459404440344
232 2320 0.04711224507243001 0 0 0.0033553606450965837 0.0037173075783022923 0.005097059863855404 0.005665405035532913 0.008950030914287876 0.01320820286709736 0.019562574008091037 0.023330752022937926
233 2330 0.047891382325568124 0 0 0.0034748444010918016 0.0037599727042455333 0.005166210124616364 0.005544519057104338 0.008600216452045386 0.012721050675837734 0.019376571336269396 0.02322600618416499
234 2340 0.04465564852263352 0 0 0.0031529647646751638 0.0034338692328466395 0.004802312793034532 0.005058267059847869 0.0078096820283282894 0.011424874017520951 0.017575226678176372 0.02106364394017596
235 2350 0.04352612441525729 0 0 0.002978928725703732 0.0031986086106563292 0.004589902203606012 0.0049057835561022965 0.007473797498923181 0.010842722944363897 0.01665745276712069 0.01990256912039411
236 2360 0.04450203572816064 0 0 0.0029310032766543493 0.0031988002134011534 0.004559388996977329 0.004997511194141292 0.0076498114650904525 0.011347691746246225 0.017205921596401753 0.020836006230086992
237 2370 0.04860679250659551 0 0 0.0031062047762869314 0.003348843630401729 0.004767373097799195 0.005435078570043499 0.008399754750070427 0.012650646670767509 0.019430986876260242 0.024266132268124716
238 2380 0.051950138665804065 0 0 0.0033003662803448674 0.003316619908800847 0.004810024859571752 0.005697434564453793 0.008835982135242497 0.013300712804364038 0.020971788707487476 0.026588137339345702
239 2390 0.0527916049729006 0 0 0.0032417570249183908 0.003321796059485819 0.00482047322221717 0.005671529491451558 0.008916656768823984 0.013376008311864293 0.021339123285429414 0.02734506475879713
240 2400 0.05018407440898275 0 0 0.0030539945638383393 0.0031728483020789264 0.004252216267430885 0.005306584657329889 0.008261971174590136 0.012474143501152056 0.020045761346280024 0.025759871608274754
241 2410 0.044495420649252375 0 0 0.0026973847342397547 0.0028325801618954284 0.003671250774081756 0.004617824194382202 0.00727182857645981 0.010785343137221503 0.01740435932615945 0.02271806443349445
242 2420 0.04307900951789946 0 0 0.002611775402728329 0.0026958653494915767 0.0035683927734686104 0.004430469994039105 0.006939272975898459 0.010262969649609564 0.01636622450146694 0.021789408847431222
243 2430 0.03597389907693325 0 0 0.0021744678548708016 0.002155604186524332 0.002924180073087356 0.003595879373840971 0.005586522878922254 0.008407676480819215 0.01314706965582181 0.017908263442484758
244 2440 0.037914537976517906 0 0 0.0022363247244153953 0.002295088406077373 0.0029772571803718933 0.003640435545320871 0.005626790168548134 0.008417213277790419 0.013518033600442802 0.01826755970992531
245 2450 0.039300352260909464 0 0 0.0023263377668457366 0.0023908850212499785 0.0030735141140216843 0.0037286403903239187 0.005818690186571413 0.008759873829963277 0.01432389468280289 0.019003188039673456
246 2460 0.037218903438056866 0 0 0.002206125986724065 0.002258354613257987 0.0028407063738667172 0.0035421543270077083 0.005369044128043672 0.008054694797516962 0.013222171839534912 0.01762032809806082
247 2470 0.03579189318702538 0 0 0.002106942437377279 0.002155846064660993 0.002560183983896811 0.003381799983032161 0.00517363210598844 0.007772869427621905 0.012943604038391787 0.017650429405013473
248 2480 0.03460631115898391 0 0 0.002013352234326045 0.0020751127534557197 0.0024618196130382886 0.0031780589811520863 0.0049775730001757204 0.007614147018883563 0.012498199459493558 0.017081437285426018
249 2490 0.0337185596996553 0 0 0.001985009663992752 0.0020431752554501597 0.0023610053850374917 0.003110623125667699 0.0049842032238612555 0.0074196358866423385 0.01231458414499194 0.017086780560334264
250 2500 0.03640430030314913 0 0 0.002056336718716744 0.002252746596246087 0.0026959173194022906 0.003619123742732798 0.005752471769347223 0.008789505136106431 0.014420591960013095 0.02026199753395744
251 2510 0.03689940644445973 0 0 0.002080404382963167 0.0022847660308988912 0.002750909315860003 0.0036627233780608588 0.005786967303121876 0.008826019718084848 0.014469905375039172 0.020264906100044836
252 2520 0.037340576412773226 0 0 0.0020660816410417843 0.0022885213022148265 0.0028403514446417506 0.003744240142045667 0.006092546316941642 0.009310119680130879 0.015078400438598713 0.021201105846844193
253 2530 0.03780296414495087 0 0 0.0020900187580749118 0.002299155889632274 0.0028269954050565618 0.0037801097486033306 0.0061299021165483435 0.009430218929308122 0.01514693946279042 0.021551793656419203
254 2540 0.03939970941317689 0 0 0.0021330467211106005 0.00232245463493961 0.0029336264461676184 0.0037639358535902193 0.0062016314130673095 0.00989635082598327 0.01605036055086092 0.023142378322156678
255 2550 0.040674869534422085 0 0 0.002257938668869813 0.0023682825608204268 0.0031451092182413886 0.003873141823350337 0.0063623217220969055 0.010513032552420622 0.017008135203993042 0.02494256642160225
256 2560 0.04010791217844918 0 0 0.002202520567041032 0.0023049012135374636 0.0030778858389604777 0.0038669916605412317 0.006289981796584603 0.010365059548170099 0.01694129259707512 0.025266587338624403
257 2570 0.04463101151599385 0 0 0.0024702628432051034 0.0025578557422878487 0.0034172632808237365 0.004304823926718534 0.006943540344804144 0.01175807375675859 0.01916656830840926 0.029349115369159268
258 2580 0.052106737447270346 0 0 0.0029150139916678712 0.0031087280516701506 0.004158260344230341 0.0052270921301129465 0.008329695186333908 0.014317000445991506 0.02462243332633939 0.038570416555634236
259 2590 0.05465016335588501 0 0 0.0030161795432947234 0.003129955111241948 0.004283807091370539 0.005480981074635289 0.00865181400160295 0.015235952355102066 0.0265460501848236 0.041971584002617524
260 2600 0.053714965945671794 0 0 0.0029703295180934816 0.0028337937364781235 0.0038311511635558577 0.005179364337669779 0.008243702943631184 0.014711429148059637 0.025480016035902022 0.04087872640257263
261 2610 0.05109710816016617 0 0 0.0027969274472054197 0.0027659337428504976 0.0035977725921974794 0.004877113374876318 0.007836382350447948 0.014008998840859184 0.024344136801990733 0.03921735917017931
262 2620 0.04781797029954566 0 0 0.0025308754009908617 0.002541099688717708 0.0033406316154880114 0.004188582071855792 0.006844586359024882 0.012255475796475575 0.021446347352969953 0.03475130282965345
263 2630 0.04511940007483208 0 0 0.0023368212800388435 0.00239149534005135 0.0030037763035318317 0.0038207015364625733 0.006212105677829729 0.011041898429012752 0.019294870033891173 0.031584965632512736
264 2640 0.04822924189679303 0 0 0.002403537290714083 0.002537148602821776 0.0031858444708234286 0.00394649744315397 0.006765698977933738 0.012163169084075694 0.021518853629559357 0.03559441106515423
265 2650 0.04881364016666641 0 0 0.0023800935931696013 0.0025592282210211204 0.003221646073381219 0.003942811598168433 0.006653209890715591 0.012265318453599844 0.021545777262294282 0.03569295759520771
266 2660 0.05046889186363572 0 0 0.002402987695888812 0.0026580228546391554 0.003340893585318743 0.004089914078351618 0.006621527582133701 0.012414535410469897 0.022006742507939117 0.0368521099800217
267 2670 0.058617494897665226 0 0 0.0026164201905292846 0.0031391158696421084 0.004189992613041191 0.005176064934348015 0.008444060961476738 0.016159274298006187 0.02807765625273036 0.0477756564692527
268 2680 0.06032555744491101 0 0 0.0026701781717419193 0.003283221739777485 0.004415474223315356 0.005450483649180578 0.008688544409659495 0.017126640912609424 0.029561780484511867 0.050885991378904614
269 2690 0.060557959356084386 0 0 0.00258804623212332 0.003350669923396426 0.0043341687629591934 0.005400164854252618 0.008399838211080072 0.01668029247864016 0.02875884804716373 0.04984010345777416
270 2700 0.062480065605831935 0 0 0.0026694507962442974 0.003470838273482109 0.004378695432778339 0.00525848309676799 0.008590290832096968 0.017109135614887767 0.0298199037841108 0.05124130998783193
271 2710 0.057396678103094206 0 0 0.002409413468705206 0.0030471389584731247 0.003689686375269582 0.004643970222987405 0.00748532562076963 0.014952258181372267 0.02621588989377238 0.045573283461111495
272 2720 0.049931345693262186 0 0 0.002038430393823787 0.0026457553300230194 0.003276494804601832 0.004003695987098984 0.006342715958947894 0.012815755218330695 0.022565372450366786 0.03902579664168371
273 2730 0.04474150487285662 0 0 0.0017578039514278016 0.0023600716951908446 0.0029164776422190507 0.003607919373031648 0.0056225033640691395 0.011270424616006554 0.019873688680669417 0.03448017443616311
274 2740 0.041970685993120954 0 0 0.0015978598075751715 0.0023131606126011077 0.002755776690076511 0.003392746725519497 0.005188784236063575 0.010520254765099683 0.018655600355662667 0.032367722031297015
275 2750 0.03918828819382583 0 0 0.0014404360241502085 0.0021427531169680336 0.0025863999527580782 0.0031447167339463482 0.004735806672824978 0.009646219250117546 0.017046461157350385 0.02936925460439317
276 2760 0.03695205269492632 0 0 0.0013441639611115517 0.0020422536359013836 0.002390256209818427 0.002866152268681086 0.004488315981201364 0.009041011472883118 0.01599508603702851 0.027709112016702564
277 2770 0.03304513689492732 0 0 0.001210733926977524 0.0017879491250344436 0.002159572148060966 0.0025754657005776288 0.004018050584748355 0.008004375721947152 0.014045255406370546 0.024160799729299277
278 2780 0.029448802279407375 0 0 0.0010407277537679916 0.001545911206624402 0.0019160454381952883 0.0022893072595450074 0.0036308063244216158 0.007318179067772394 0.01288227586218279 0.022264802021865177
279 2790 0.028179841604149984 0 0 0.0009737605684998131 0.0014134510148499505 0.001805991789477958 0.0020960656243710547 0.003294444324947413 0.006590753180051752 0.011759223557640782 0.020422329165598697
280 2800 0.02784466102769617 0 0 0.0009580790246677679 0.001330803411073751 0.001688801503265465 0.0020148051181923814 0.0032659471563680014 0.006400826726422223 0.011529433060533906 0.020265503268352657
281 2810 0.02752725564210645 0 0 0.0009486425088734905 0.001338844578574645 0.0016288509047860979 0.0018851501661501556 0.003078593478011654 0.005995989212529819 0.010724713769574028 0.01895907589397597
282 2820 0.026146880441517143 0 0 0.0008965201234253148 0.001268748671961387 0.0015530709806555524 0.0018017891688168082 0.0028816091291324767 0.005634484405775001 0.010159281989170939 0.01787143084585189
283 2830 0.02506580389738693 0 0 0.0008935780933669621 0.0011975184532860479 0.0014402157016239162 0.0016674191219638943 0.0026109051117958674 0.005095662347438948 0.009295306703504725 0.016396191763096184
284 2840 0.023666444726459526 0 0 0.0008075387817868217 0.0011368135286407594 0.0013240095017550114 0.0015503718346499785 0.0024872932100056303 0.0048032949014832115 0.00875756612425025 0.015402858776980775
285 2850 0.022660356526219595 0 0 0.0007561397207707088 0.0010688254942201878 0.0012584085769188145 0.0014585872447667242 0.0023312695702766683 0.0045155644354742605 0.008355162607678816 0.014712708156847701
286 2860 0.02151658509346809 0 0 0.0007194187648936586 0.0009935112657996883 0.0011872035321672063 0.0013818184284795248 0.002277680151487207 0.004387642936466136 0.0081196764655847 0.014324495969587516
287 2870 0.019365984956289835 0 0 0.0006436639365269373 0.0008917585794660437 0.0010642641533231965 0.001219511040523247 0.0020800171707291604 0.00400065871462239 0.007385755832006345 0.013062295437641779
288 2880 0.01713101217108913 0 0 0.0005703928284334356 0.0007613580647512182 0.0009214431774626297 0.0010359692964152709 0.001807817010915757 0.0034914598104444595 0.006434064674542867 0.01133793394779016
289 2890 0.018024275411379676 0 0 0.000595456881089324 0.0008045922484363903 0.0009693407279960375 0.0011037275469503855 0.0018831575183873973 0.0037279294393675762 0.006950571662189882 0.012320680408315306
290 2900 0.01698650714444787 0 0 0.0005579451389614715 0.0007378720934306676 0.000884101422062496 0.0010298356077096046 0.0017293955646237654 0.0033320858064620493 0.0062008532614281926 0.011012232770589374
291 2910 0.01783622980355599 0 0 0.0005750945090106035 0.0007601474189723553 0.0009085175992608844 0.0010840387994764944 0.001755453771369272 0.0034766854990918045 0.006426813737000575 0.011590347592255502
292 2920 0.01602618438318123 0 0 0.0005134596263339747 0.0006889698650148092 0.0008146867432704978 0.0009389473276145911 0.0015507652750422227 0.0031319440130433847 0.0057532757723453894 0.01036202194060705
293 2930 0.0148659356131714 0 0 0.0004842691228623867 0.000607385448289926 0.0007278182348209518 0.0008481775455548449 0.0014610799333711023 0.002947553364590257 0.005443412895353095 0.009856603479673588
294 2940 0.013437054328719519 0 0 0.00043678165907431787 0.0005511269954189255 0.0006436700936821157 0.0007504477600739384 0.0012727459408166458 0.0025843415876677846 0.00470237899761498 0.008535800728970283
295 2950 0.01310559399095544 0 0 0.00042582409986853363 0.000525554155611961 0.0005837018281875504 0.0007094661702217906 0.0011976409171002697 0.002375628038480514 0.004362956384005389 0.00803147136447028
296 2960 0.012589738683609582 0 0 0.00040035019452030064 0.0005097283836039155 0.000557259243158808 0.0006885718994398337 0.001138443424501448 0.002273664554266241 0.004174291784064535 0.007694176511042007
297 2970 0.011671802873405551 0 0 0.0003630619093469402 0.00046543387016648093 0.0004970536171176016 0.0006303740143940831 0.001040114011943797 0.002039669462513446 0.0037566759382906666 0.006937759216651909
298 2980 0.01117473116224457 0 0 0.00034928334589207625 0.00043479162631509247 0.00044872632716856393 0.0005803782219340664 0.0009756517394655343 0.0019305161823160596 0.0035493970595442234 0.006581071340921145
299 2990 0.010180534959349542 0 0 0.0003162730977933663 0.0003978337910456528 0.0004112324184104643 0.0005353013268549288 0.0008833458557003568 0.001713450729330726 0.003184077314265942 0.005914086425887161
300 3000 0.010976826225771423 0 0 0.0003359575294054733 0.00042349931615533957 0.0004529828049895175 0.000598888294195668 0.0009526287481826548 0.0019406666870262677 0.0036495879961553454 0.006858011260058571
301 3010 0.011302507346723228 0 0 0.00034078183093495367 0.0004126730480103057 0.0004724731500306999 0.0006290493800271905 0.001011744389200376 0.0020746265457490943 0.00389415565945419 0.007350642397192573
302 3020 0.013178456831545624 0 0 0.00040961014397207664 0.0004935056192435525 0.0006176012250572983 0.000762359204244816 0.001202378954259865 0.0025012567809873203 0.004767410522540253 0.008970926259592995
303 3030 0.01340077443055782 0 0 0.00042252754655186335 0.0005003320515741461 0.0006240045397597274 0.0007640652582784538 0.0012160243120086698 0.0025767248131347035 0.004923501411547658 0.009326885722505965
304 3040 0.012579028578269966 0 0 0.0003819810778342338 0.00046660115806148 0.000589939133532987 0.0007155200993982244 0.0011298565559753112 0.002383202077524615 0.0045554788302105045 0.008689207958365516
305 3050 0.012052011549562874 0 0 0.00036425476531590494 0.0004674040649471791 0.0005536509996726858 0.000639270485961566 0.0010214291502717023 0.0021576077202348203 0.004145085940650321 0.007948697484849535
306 3060 0.011467298324221222 0 0 0.00033491785973509134 0.00044196497584391814 0.0005137766802093875 0.0006011809863747955 0.0009555526580604468 0.002041257958784962 0.003946016148843046 0.0075698719977804725
307 3070 0.011251880830714395 0 0 0.0003318272748207875 0.00041296483245142055 0.00049139203376091 0.0005925795264251476 0.0009263093570408147 0.0019765281365671647 0.0038114599411666603 0.007334108283095977
308 3080 0.00975922682017579 0 0 0.000282098631935789 0.0003547011838606845 0.0004228227855774464 0.0005170086946194375 0.000796342050537843 0.0016967947689558584 0.0032785892962048447 0.006306075970813659
309 3090 0.00887775044604387 0 0 0.00024736592590058427 0.0002997143805091386 0.0003684821745862298 0.0004741701011224693 0.0007381984355950926 0.001554493606973717 0.003015745872633861 0.005785218449774436
310 3100 0.008142196342021785 0 0 0.00022643104676723516 0.00027366702967575573 0.0003202606635655122 0.00042199779206204314 0.0006720261685756029 0.0014181409534661483 0.0027606105357325847 0.0052949111733777525
311 3110 0.007951221277823012 0 0 0.0002205008993046957 0.0002697395404422817 0.0003175991953779366 0.00041742464417608596 0.0006585672427519814 0.0013678015655469824 0.0026940994623366656 0.00519593769753601
312 3120 0.008637944946114768 0 0 0.0002368782129614674 0.00027935921239183797 0.0003398338424583292 0.0004768524803963432 0.0008067972473954542 0.001589229301687418 0.0031406730705280947 0.006089419578988374
313 3130 0.008740305666654749 0 0 0.00023948298018814737 0.00027417701551652157 0.0003335229748735485 0.000500397794272268 0.0008156438144207659 0.001602622325900901 0.0031754950633072227 0.006132566274943188
314 3140 0.008465651152164742 0 0 0.00021944440646348636 0.0002596547198494788 0.0003116180427493898 0.0004629224146235308 0.0007673192607777548 0.001513877126310193 0.003031835590271539 0.0058714893789194875
315 3150 0.00808357383340984 0 0 0.00021379866065058569 0.00024270391752405447 0.0002941965215478532 0.0004402039785882771 0.0007459029420538191 0.0014767357934088092 0.002972001190042002 0.0057605973098877
316 3160 0.007237104753099941 0 0 0.0001945815970356383 0.00021839458707107346 0.0002657682310845014 0.0003895881070209427 0.0006675718612754432 0.0012717998043747796 0.0025883285638385926 0.00503370547213232
317 3170 0.006951150576017961 0 0 0.00018964004031499625 0.00021923038637102033 0.000270621015333905 0.00037798210918239426 0.0006417567502972249 0.0012265520812659019 0.002497021909494634 0.004879116234563419
318 3180 0.006683008728687496 0 0 0.00017981783821390362 0.00020732334112174704 0.00025873327150183087 0.000365822002860187 0.0006287105624073196 0.0011936700876838734 0.0024081192478155986 0.004685529343700251
319 3190 0.005916033523197856 0 0 0.00015958634907181968 0.00018192267937730528 0.00022504869008139932 0.0003236329405720765 0.0005575937882115059 0.001047962860066491 0.002108552014542563 0.004101584221898788
320 3200 0.005189822563124902 0 0 0.0001353436192391846 0.00015959921939970474 0.0002019510112994389 0.00028609640846104695 0.0004997873725456715 0.0009463309893008575 0.0018990651952604013 0.0036959219124325484
321 3210 0.0047531102707354805 0 0 0.00011977023842225667 0.00014653138541211516 0.00017596114428047074 0.0002501606076139849 0.00043779994586926675 0.000826336619552227 0.0016558062485565925 0.0032250745801643125
322 3220 0.004652438232393044 0 0 0.00011783924034055182 0.0001413869909522011 0.0001709581017498639 0.00024787353770407627 0.0004284640239345618 0.0008174101302024816 0.001630764354991256 0.003185263316406739
323 3230 0.0041474829612747335 0 0 0.00010418430734778854 0.00012142811241854532 0.00015100995888784317 0.00021699733729770433 0.0003683014316136943 0.0006993021511420465 0.0013942471152510213 0.0027320850380213742
324 3240 0.0036085260741800804 0 0 8.813519908223318e-05 0.00010745985377014183 0.00013175989602816568 0.00018452319390369873 0.00030721093941135993 0.0005776303217184974 0.0011604627578255045 0.002275419565840309
325 3250 0.0032211709788334576 0 0 8.205475891197945e-05 9.620317854264668e-05 0.00011665352211400558 0.00016046898908759761 0.00026666244322414497 0.0005084452901739673 0.0010280598563038577 0.002007664732650848
326 3260 0.002967789800638015 0 0 7.482571876303747e-05 8.783573381132314e-05 0.00010668597521971511 0.0001481437532735285 0.0002491070324303499 0.0004715832765599522 0.0009468794587954322 0.001848101271935193
327 3270 0.00297828945469307 0 0 7.479418541994118e-05 8.600922856299235e-05 0.00010483427230693475 0.00015161186990911976 0.0002463476444908862 0.00047103165837755317 0.0009441357757922562 0.001841547057337657
328 3280 0.0029586505406271084 0 0 7.722138599581987e-05 8.793636473109417e-05 0.00010453864091635961 0.00015228875434329805 0.00024752070428558476 0.00047944389490686814 0.0009619136044533021 0.0018741132340495308
329 3290 0.0027036008707342863 0 0 7.05288654167038e-05 7.926585142112139e-05 9.463408140179385e-05 0.0001373907037268652 0.0002198718364112578 0.00042726458933528403 0.0008521297448165513 0.0016683207043878376
330 3300 0.002559655343172231 0 0 6.748993710282924e-05 7.51643176980356e-05 8.940775273651177e-05 0.00012775768578513285 0.0002084849428066784 0.00040389295501476436 0.000808482516298331 0.0015806590155431073
331 3310 0.0021659468066631453 0 0 5.7261400652096074e-05 6.239081863076397e-05 7.171632194016335e-05 9.912562130794548e-05 0.00016179935225063403 0.0003134257291366661 0.0006319167147612979 0.0012367955719221704
332 3320 0.002071098526110767 0 0 5.328242072812949e-05 6.0236380321161775e-05 6.78598756106992e-05 9.398338505189412e-05 0.0001552607497970125 0.00030179273638926115 0.0006083878789194199 0.0011930084131674369
333 3330 0.001964860121207631 0 0 4.9905389131604134e-05 5.832271508917193e-05 6.336678328391448e-05 9.11112663641588e-05 0.00014987136059136326 0.00029501110493847064 0.0005931824449506624 0.0011595960819594498
334 3340 0.0017535834768312377 0 0 4.406887579492609e-05 5.2470093846006586e-05 5.6499327296351265e-05 8.205456624528337e-05 0.0001312546308617027 0.0002597356865849194 0.0005225463177180606 0.0010200152307318605
335 3350 0.001513189451451513 0 0 3.590250459878049e-05 4.168274538284352e-05 4.7059407005490764e-05 6.897647465357255e-05 0.00011213715916408998 0.0002198436536087177 0.0004430729466953258 0.0008671450869164757
336 3360 0.0013082698681368377 0 0 3.0457829287675487e-05 3.497763952164461e-05 3.963890521158676e-05 5.7078899519701934e-05 9.275663967949841e-05 0.00017946053034922864 0.00036255079777933305 0.000710708191093411
337 3370 0.0011619427277260084 0 0 2.6580647019453378e-05 3.1331930863890407e-05 3.600665050230885e-05 4.986212295240267e-05 8.232082709809232e-05 0.0001596284771850803 0.00032247076471198573 0.0006314442443914153
338 3380 0.0010499470167948464 0 0 2.443461205826264e-05 2.7695020493277416e-05 3.184030977364492e-05 4.5126507254403704e-05 7.486898569392594e-05 0.0001436912352718491 0.00029169820729718757 0.0005692127446169232
339 3390 0.0009318685318951447 0 0 2.1558673564313428e-05 2.4884708599654445e-05 2.7868394111721433e-05 3.942480091733999e-05 6.561848149454135e-05 0.00012522754046353346 0.00025119359742999494 0.0004917046860415111
340 3400 0.0008392449096110096 0 0 1.83782453936565e-05 2.122176352054704e-05 2.4398557897178537e-05 3.5366156389074284e-05 5.9913791031278546e-05 0.00011437971162618219 0.0002284615472954839 0.00044802572647972545
341 3410 0.0007481162867109605 0 0 1.6312774631078336e-05 1.816887984205773e-05 2.1269423623327378e-05 3.08265643686711e-05 5.196534970651323e-05 0.00010031508148118304 0.00019941212125815003 0.00039168632581771366
342 3420 0.0006866748486576997 0 0 1.4794389644272454e-05 1.60757924059964e-05 1.9182033900158827e-05 2.758637746493908e-05 4.728149059555445e-05 9.116032940584085e-05 0.00017992913850683635 0.0003543735519048131
343 3430 0.0007164855532502167 0 0 1.4932529449489534e-05 1.5588354274476814e-05 1.9434876337722665e-05 2.8192185196515794e-05 4.8953081047014556e-05 9.554682435330477e-05 0.00018885634299477494 0.00036998425282757313
344 3440 0.0007119121773654684 0 0 1.4602651201758888e-05 1.555327773647965e-05 1.9103175797385062e-05 2.6613582054721713e-05 4.644406080861773e-05 8.944177066854127e-05 0.00017683522616193447 0.00034704325468845024
345 3450 0.0006837809006315176 0 0 1.3657477156973662e-05 1.4475592968659368e-05 1.8023907662644047e-05 2.4789459862323222e-05 4.3252455758339954e-05 8.370759838559397e-05 0.00016538111202803822 0.0003238104345515981
346 3460 0.000604782319968873 0 0 1.198411350163935e-05 1.2683040788020614e-05 1.6167788187073313e-05 2.2275429236277563e-05 3.823582400999066e-05 7.346396350223702e-05 0.00014589282154990317 0.00028654850832733923
347 3470 0.0006124898477235897 0 0 1.2184298778058035e-05 1.2646194328063219e-05 1.624266935189301e-05 2.244982175336528e-05 3.8475725279344944e-05 7.442682429166395e-05 0.00014912753114576069 0.00029533129973485024
348 3480 0.0006012351403101465 0 0 1.1802240570148685e-05 1.2390646431712065e-05 1.6254351717218657e-05 2.189915994205435e-05 3.745612837813245e-05 7.327707459693441e-05 0.00014598678241000676 0.0002894472556106264
349 3490 0.0005322450175005194 0 0 9.494247678945527e-06 1.0589431022180187e-05 1.4421486755611916e-05 1.950752262079656e-05 3.351738725012776e-05 6.580679296709575e-05 0.0001307700208114202 0.0002590886886126866
350 3500 0.0005190586458408489 0 0 9.008588958528717e-06 1.0453409489672693e-05 1.3722223205851173e-05 1.820413624553964e-05 3.172510401310733e-05 6.209985841635364e-05 0.00012380506037006384 0.0002456797364193645
351 3510 0.0004806378640950097 0 0 8.354542180933896e-06 9.68788684180091e-06 1.2611364959288873e-05 1.669634639036419e-05 2.9398565575414273e-05 5.7637879153251776e-05 0.000114694081567782 0.0002274572251218635
352 3520 0.0004294189162857557 0 0 7.321532677985102e-06 8.645739594249338e-06 1.1327066777965961e-05 1.488169025406591e-05 2.616968554842915e-05 5.0474517182010805e-05 0.00010025666298076772 0.00019940755606770447
353 3530 0.0004282632859832429 0 0 7.415804051448296e-06 8.309907917035466e-06 1.0835198666129485e-05 1.4226621935472807e-05 2.4641341996306945e-05 4.80490350551602e-05 9.523732067067541e-05 0.00019120099426510627
354 3540 0.00038182218183676985 0 0 6.673066834429034e-06 7.109722257068967e-06 9.539543874729771e-06 1.2796198217910263e-05 2.1985754907222254e-05 4.3141831062919124e-05 8.55175192747457e-05 0.00017208254361602714
355 3550 0.0003770978989100017 0 0 6.491915151668285e-06 7.090976585172585e-06 9.273388926374265e-06 1.2472787588303758e-05 2.115860635012466e-05 4.204068967099296e-05 8.296676002476974e-05 0.0001665734499044583
356 3560 0.0003542758493796686 0 0 6.047654392722653e-06 6.540852503680429e-06 8.56587567467511e-06 1.1447312779596574e-05 1.9507079601915898e-05 3.908094849765984e-05 7.750264850413312e-05 0.00015628326481665692
357 3570 0.0003466458145738777 0 0 5.67960769965063e-06 6.240526089758901e-06 8.290257136320757e-06 1.125227989439812e-05 1.9220318834494958e-05 3.8352728795791716e-05 7.596957364154757e-05 0.00015321844876024372
358 3580 0.0003165959163974173 0 0 5.171308676085313e-06 5.6112369439924935e-06 7.537007995000089e-06 1.0207645548126111e-05 1.710059025707469e-05 3.4163814497185475e-05 6.749634525800707e-05 0.00013616045103596717
359 3590 0.00028102331550429184 0 0 4.523957448787449e-06 4.873541659407562e-06 6.6351043997584415e-06 8.79286116460501e-06 1.4708708657109762e-05 2.9213743666777443e-05 5.744549081956039e-05 0.00011545913730463772
360 3600 0.00025569441138191665 0 0 3.985458786916154e-06 4.405898374383313e-06 6.054548173167958e-06 7.95713036436089e-06 1.3276754554293935e-05 2.6642857412497067e-05 5.2254865943268275e-05 0.00010520909265035035
361 3610 0.00023045866841949966 0 0 3.560936192221539e-06 3.896168751334767e-06 5.448453738892426e-06 6.997418802040066e-06 1.197026572831752e-05 2.4043757799932976e-05 4.728829751777712e-05 9.51561945913093e-05
362 3620 0.00021601140572939905 0 0 3.331006531430535e-06 3.4458783778569345e-06 4.704451679825172e-06 6.150537435044338e-06 1.0717395110294808e-05 2.1353293012594128e-05 4.160252752583993e-05 8.398202079363999e-05
363 3630 0.00020742005598407308 0 0 3.0960343713642224e-06 3.288162300184483e-06 4.508491995266105e-06 5.876627430833381e-06 1.0425979197218958e-05 2.056116609495935e-05 3.9965471454669854e-05 8.041679666636456e-05
364 3640 0.0002010418058733214 0 0 3.001289461141668e-06 3.0040396118947977e-06 4.3227134175160455e-06 5.761129904333963e-06 1.0358934692418163e-05 2.066693146226987e-05 3.992319248593982e-05 8.019568546832781e-05
365 3650 0.00019749641938894487 0 0 2.8972897074793413e-06 2.975212139711763e-06 4.014959797151298e-06 5.3046452986196755e-06 9.636466636432119e-06 1.929405176010675e-05 3.690071090287278e-05 7.401485506279046e-05
366 3660 0.00018612701272551854 0 0 2.68869531887168e-06 2.7581318981625073e-06 3.7381002974474248e-06 4.800207100398391e-06 8.833548951048233e-06 1.7601450605445257e-05 3.3681620018852854e-05 6.739233106879142e-05
367 3670 0.0001648923523319665 0 0 2.3479802300289637e-06 2.4601587499629303e-06 3.3282426117015684e-06 4.277219376014163e-06 7.810695507776502e-06 1.547100001617182e-05 2.961706474909151e-05 5.922285180643648e-05
368 3680 0.0001555668104585116 0 0 2.1486898920268933e-06 2.2569580576672607e-06 3.102615714468437e-06 3.972450800739694e-06 7.433946237944003e-06 1.4883611305225584e-05 2.8354607815063742e-05 5.64943111054554e-05
369 3690 0.00013716546487255808 0 0 1.8484707810792776e-06 2.013828884696347e-06 2.7598370222130195e-06 3.4860088674730525e-06 6.555221408014089e-06 1.309843793240804e-05 2.5040376316200173e-05 4.983922001239924e-05
370 3700 0.00012124322573268671 0 0 1.6041247696191974e-06 1.7685111155803557e-06 2.395024116839818e-06 2.9280037231442504e-06 5.467017697651502e-06 1.0859802424480212e-05 2.0807101966496393e-05 4.145462080385496e-05
371 3710 0.00011902408584033834 0 0 1.5451262628190688e-06 1.7533267928616034e-06 2.228819205693156e-06 2.759256351167049e-06 5.100765717588659e-06 1.020155761315701e-05 1.963715935058294e-05 3.926227851130835e-05
372 3720 0.00010923073747325714 0 0 1.4033244658993937e-06 1.6360987872402478e-06 2.0395126526262244e-06 2.567787952796407e-06 4.646394588115766e-06 9.26214602746068e-06 1.7832186141195907e-05 3.5587443621109286e-05
373 3730 0.00010542594246450702 0 0 1.3155337258743718e-06 1.6226304221034924e-06 2.0022684429785284e-06 2.6027630901374506e-06 4.604699073196672e-06 9.243033795919547e-06 1.7982836966870642e-05 3.58162921900625e-05
374 3740 9.562815391679707e-05 0 0 1.1848911549857166e-06 1.437716327066379e-06 1.780491691236111e-06 2.3148011306690103e-06 4.181467111521286e-06 8.4407181297085e-06 1.6591575364688576e-05 3.3007500634807316e-05
375 3750 8.953703752508935e-05 0 0 1.1392711425001695e-06 1.388222443495555e-06 1.654684162501447e-06 2.2324155505076348e-06 3.9528843523138036e-06 7.862812390014655e-06 1.5481293046532966e-05 3.086765993193289e-05
376 3760 8.51622160419156e-05 0 0 1.0861370227189405e-06 1.2988303380395824e-06 1.550268318846033e-06 2.13148486449996e-06 3.711938812486429e-06 7.381810959277608e-06 1.451490461978954e-05 2.885503927726185e-05
377 3770 7.98992052935925e-05 0 0 9.915547172446516e-07 1.2051256277473296e-06 1.4382092958949087e-06 2.0049962999778425e-06 3.50636310243617e-06 6.910738834870631e-06 1.3570424092768719e-05 2.695158897027129e-05
378 3780 7.302416467959533e-05 0 0 8.874512154729472e-07 1.07212341722391e-06 1.2764970075376216e-06 1.8250062387821636e-06 3.2080841861714787e-06 6.281001376007173e-06 1.232970371646565e-05 2.4490326084986586e-05
379 3790 7.010713767399013e-05 0 0 8.544486256237477e-07 1.0460803724716084e-06 1.2324169916064467e-06 1.7194779869862532e-06 3.0472793652167172e-06 5.9753189101055305e-06 1.1713199844520507e-05 2.3249127407230213e-05
380 3800 6.932578679509092e-05 0 0 8.223965402162083e-07 1.0559312524080427e-06 1.1789027823300798e-06 1.705570916596611e-06 3.0342341264869233e-06 5.910579850946754e-06 1.1567700775648557e-05 2.3016470384252597e-05
381 3810 5.869106415318758e-05 0 0 6.561337255715842e-07 8.85395769009346e-07 9.894291906756278e-07 1.4133127968209741e-06 2.518256365568814e-06 4.90691471500445e-06 9.602607895949365e-06 1.915028265718168e-05
382 3820 5.6053426241525704e-05 0 0 6.26675620220541e-07 8.205453224501479e-07 9.427884827984369e-07 1.346466064437469e-06 2.3870737957752472e-06 4.669472110478746e-06 9.091950541556712e-06 1.8103826927292777e-05
383 3830 5.190414889603534e-05 0 0 5.884648194192846e-07 7.619201575059811e-07 8.626968779108048e-07 1.2354425369860414e-06 2.1815288649278686e-06 4.240385768781054e-06 8.20946023055534e-06 1.6351155841133224e-05
384 3840 4.748557840347482e-05 0 0 5.369126696407351e-07 6.948014889301217e-07 7.777553097737835e-07 1.1197877801157396e-06 1.9752800800503478e-06 3.8736116255623644e-06 7.527915245491029e-06 1.4997522442885646e-05
385 3850 4.404682481606322e-05 0 0 4.930740429610284e-07 6.414820486986216e-07 7.209818152024619e-07 1.0242890267803089e-06 1.7816932509753657e-06 3.464067652208848e-06 6.780072843544778e-06 1.3516781464804392e-05
386 3860 3.90597768044853e-05 0 0 4.2248578990018786e-07 5.587299704586965e-07 6.329905588045833e-07 8.85332560674102e-07 1.565135745119092e-06 3.074249420713769e-06 5.989498434938971e-06 1.1940761210670492e-05
387 3870 3.648383930678534e-05 0 0 3.9538469026224553e-07 5.254514709486908e-07 5.933247461281131e-07 8.207488645752699e-07 1.4448260542689723e-06 2.8075123489153937e-06 5.500170464224415e-06 1.098482236728474e-05
388 3880 3.3444981040612394e-05 0 0 3.565651920519551e-07 4.723850161243252e-07 5.33848367929725e-07 7.329427341798389e-07 1.3210142646603499e-06 2.557575916970988e-06 4.997472430987479e-06 1.0005512173579425e-05
389 3890 2.865733444502164e-05 0 0 3.0009648630064694e-07 3.9125572223208673e-07 4.52672900732839e-07 6.193474221505454e-07 1.112380691683038e-06 2.1581117956398934e-06 4.226731079119408e-06 8.481421068497902e-06
390 3900 2.550803056067933e-05 0 0 2.596198474595568e-07 3.4465553148383936e-07 3.9922165436332707e-07 5.354113901348302e-07 9.436839847691289e-07 1.8373436998229094e-06 3.6197713523196684e-06 7.2473703980611565e-06
391 3910 2.218547390557616e-05 0 0 2.2203076893540066e-07 2.990138564021333e-07 3.444810025808315e-07 4.509432076723447e-07 7.96193515417217e-07 1.545462365177248e-06 3.028057501960963e-06 6.0575069951777855e-06
392 3920 1.9991949843283798e-05 0 0 1.9884710323111975e-07 2.651779851811675e-07 3.196690267727671e-07 4.102929026064114e-07 7.242580715873784e-07 1.4125331093926675e-06 2.7620203500198747e-06 5.525698577252928e-06
393 3930 1.6881669571770885e-05 0 0 1.66616629513434e-07 2.203812993348889e-07 2.7695670844609936e-07 3.5182030907410156e-07 6.198459928805113e-07 1.2138588324138574e-06 2.368519619497669e-06 4.740357091094964e-06
394 3940 1.479565014094517e-05 0 0 1.4589523874365005e-07 1.842899389727982e-07 2.381783321539725e-07 3.109455735965544e-07 5.466412451158278e-07 1.0686216941940215e-06 2.0902756864339094e-06 4.18733351705499e-06
395 3950 1.3891537990046212e-05 0 0 1.358178911271564e-07 1.6908616382115312e-07 2.2757668803488718e-07 2.8927316125164187e-07 5.145230804121718e-07 1.0083370433203199e-06 1.972269666538973e-06 3.942321025702976e-06
396 3960 1.2597463658949906e-05 0 0 1.2218079981332425e-07 1.5526966496669767e-07 2.0917503071230878e-07 2.673038839719382e-07 4.7261506651563067e-07 9.133557892005697e-07 1.7762250434692706e-06 3.550345353279239e-06
397 3970 1.1265445527056809e-05 0 0 1.0865512362137241e-07 1.3562866707020867e-07 1.8418593903483828e-07 2.3592232921783902e-07 4.1312205976571396e-07 7.986905282985842e-07 1.558874581636747e-06 3.119093402183269e-06
398 3980 1.0380188170761964e-05 0 0 9.939367948446488e-08 1.2103240572366787e-07 1.6098237140447533e-07 2.0976569984699927e-07 3.572972264086797e-07 6.916244920887428e-07 1.35237470421824e-06 2.701534167474602e-06
399 3990 1.0213629186072704e-05 0 0 9.780886482649583e-08 1.1587405945961987e-07 1.507941259008588e-07 1.9991182447176492e-07 3.4621005919214675e-07 6.626270256250877e-07 1.2851062273676407e-06 2.5785209977061995e-06
400 4000 9.829443180640925e-06 0 0 9.349454174645036e-08 1.1041167738149788e-07 1.435246325958104e-07 1.9179043970336166e-07 3.306292224093925e-07 6.323299174035094e-07 1.225948658573098e-06 2.4395366670302046e-06
401 4010 8.7627994660259e-06 0 0 8.35728867423392e-08 9.810975507065629e-08 1.2658280736743993e-07 1.711769890090002e-07 2.9691480061107543e-07 5.703937065045018e-07 1.1042990373885941e-06 2.194093999777036e-06
402 4020 8.300057491998357e-06 0 0 7.806687100714656e-08 9.375654233812514e-08 1.1808597397928991e-07 1.5296804211697236e-07 2.6533514785336e-07 5.140276854697658e-07 1.0075776674895775e-06 1.9996746664964014e-06
403 4030 8.165517257907609e-06 0 0 7.390900189223394e-08 9.105869834005466e-08 1.1454077986524795e-07 1.494983861806411e-07 2.523491699533267e-07 4.929449978742109e-07 9.644834970887174e-07 1.922666683825134e-06
404 4040 7.238782983189848e-06 0 0 6.48121884434379e-08 7.691312371937774e-08 1.0023100438565988e-07 1.2844031003727733e-07 2.2000467821415744e-07 4.2441241890046417e-07 8.31089586205684e-07 1.6519136152304433e-06
405 4050 6.5619257113782896e-06 0 0 5.914816266070412e-08 6.687895322804867e-08 8.734380165141927e-08 1.1316135496368777e-07 1.9617554920882864e-07 3.784779998015489e-07 7.422328412919501e-07 1.4726992973345274e-06
406 4060 5.922695471678528e-06 0 0 5.309711702898168e-08 6.097277976975751e-08 7.711761272475901e-08 1.0310208309241998e-07 1.7712426831300756e-07 3.4321293193434013e-07 6.698999775762775e-07 1.3290140863537902e-06
407 4070 5.660351884754409e-06 0 0 4.8724155008027854e-08 5.98743742856513e-08 7.366122961774114e-08 9.794666949506503e-08 1.667176306269316e-07 3.2351777855755723e-07 6.334543419705332e-07 1.2557195171143053e-06
408 4080 5.339755334408175e-06 0 0 4.6094635268183154e-08 5.746539984572708e-08 6.867934781011395e-08 9.170269700986154e-08 1.5599419086879308e-07 3.0209478564607017e-07 5.911484436493472e-07 1.1708889560951951e-06
409 4090 4.544800668401411e-06 0 0 3.6957438978642483e-08 4.802820845769089e-08 5.681904483735153e-08 7.686085639364998e-08 1.3245173313155982e-07 2.5712074664550117e-07 5.026265193501403e-07 9.955844970236414e-07
410 4100 4.342876294111205e-06 0 0 3.442965305483378e-08 4.357040924395452e-08 5.141318662362524e-08 7.104201569501881e-08 1.2147747178322234e-07 2.3582554990164372e-07 4.628372807663498e-07 9.205979096393965e-07
411 4110 4.0175990256852205e-06 0 0 3.1378073671700196e-08 3.895941634810034e-08 4.636390673860479e-08 6.582389697516438e-08 1.1312917703057396e-07 2.1945289526319674e-07 4.29125110716754e-07 8.544054330534631e-07
412 4120 3.779590036896542e-06 0 0 2.9727162016877506e-08 3.738157858720257e-08 4.330291618165416e-08 6.121868101548442e-08 1.0448746742732659e-07 2.0271482216839067e-07 3.941598038349976e-07 7.823768241495841e-07
413 4130 3.304795904425823e-06 0 0 2.6062655700085545e-08 3.140991293654866e-08 3.6200120393341353e-08 5.227976872626296e-08 9.053191709435288e-08 1.7439817666273298e-07 3.3955470300738635e-07 6.735535791757972e-07
414 4140 2.8751910806142592e-06 0 0 2.2295358228141446e-08 2.8135386958999884e-08 3.1555164540487475e-08 4.5309042628552894e-08 7.703268484710471e-08 1.4798390929106384e-07 2.908064097854327e-07 5.774802036274195e-07
415 4150 2.760496367993123e-06 0 0 2.0893919344957217e-08 2.7457626085215386e-08 3.0076229628920767e-08 4.3177103973934834e-08 7.346916996198659e-08 1.3909659445254228e-07 2.74111930823281e-07 5.456243464291684e-07
416 4160 2.8061717521369537e-06 0 0 2.0172353176096866e-08 2.781056324033305e-08 3.104093439186092e-08 4.426538069491924e-08 7.478280850592582e-08 1.4123301643237698e-07 2.784060835697989e-07 5.540615163716881e-07
417 4170 2.949131407894924e-06 0 0 2.1498238735462503e-08 2.845898963055398e-08 3.2201947866760675e-08 4.552257445743348e-08 7.606612788012008e-08 1.4429620556727423e-07 2.844868958362602e-07 5.671778170332104e-07
418 4180 2.7539757211043233e-06 0 0 2.0049404195764312e-08 2.600617562136165e-08 2.928790179619112e-08 4.206431048559127e-08 7.047133288855045e-08 1.3391212564197479e-07 2.6469207241527555e-07 5.284895118479236e-07
419 4190 2.4719613304380337e-06 0 0 1.771786610596338e-08 2.3190009333429852e-08 2.623768347910698e-08 3.704750124119146e-08 6.223245872775075e-08 1.1729403571091478e-07 2.306073091723226e-07 4.6071105783128605e-07
420 4200 2.2139792360769673e-06 0 0 1.4774929435986735e-08 1.993584105312689e-08 2.2866010815726237e-08 3.256373523157721e-08 5.5087258295097205e-08 1.0316819470867361e-07 2.0280890035279707e-07 4.045812974695109e-07
421 4210 2.2718731828738963e-06 0 0 1.4377554668325934e-08 1.9519457269259347e-08 2.2804858814771698e-08 3.3792733013421655e-08 5.6202681713692496e-08 1.056861552546235e-07 2.0830091316293908e-07 4.1546086093815663e-07
422 4220 2.11332226622628e-06 0 0 1.3348658246512696e-08 1.7848545345285633e-08 2.0053887964124604e-08 2.9152174250728305e-08 4.955685574870169e-08 9.30419626820985e-08 1.828587566979192e-07 3.6519771766687083e-07
423 4230 1.924149320929902e-06 0 0 1.1749279086470241e-08 1.6092659096299197e-08 1.8622901692662637e-08 2.5850625243889403e-08 4.316673741829173e-08 8.029009895174764e-08 1.5837087760039277e-07 3.166327483258796e-07
424 4240 1.6826423320118005e-06 0 0 1.0159746890185444e-08 1.40046871079136e-08 1.584916732252441e-08 2.171699163819494e-08 3.627022695999982e-08 6.709797373694917e-08 1.3210162345649243e-07 2.648334392931819e-07
425 4250 1.5294545460032873e-06 0 0 9.131151291984593e-09 1.1850304921139944e-08 1.424137973199306e-08 1.9212178508057916e-08 3.216412872478955e-08 5.874265480760847e-08 1.1601403726851836e-07 2.3261250200839956e-07
426 4260 1.4745999424268689e-06 0 0 8.956542007880642e-09 1.1051068070830724e-08 1.2956057615255514e-08 1.765583901986842e-08 3.054494401506032e-08 5.5706187928125485e-08 1.0986180868247939e-07 2.2006535427315663e-07
427 4270 1.421860995499074e-06 0 0 8.473243945192115e-09 1.0280989291236793e-08 1.2391968153889928e-08 1.6366311026238734e-08 2.7732870896184793e-08 5.0861917515347014e-08 1.0073335665459745e-07 2.0068266948908375e-07
428 4280 1.2345726448811598e-06 0 0 6.968833905327678e-09 8.487391725260853e-09 1.0500607701447844e-08 1.3978329777845521e-08 2.4054463782466508e-08 4.396849944486443e-08 8.620804246159505e-08 1.7234242411550138e-07
429 4290 1.047713548778597e-06 0 0 5.867002743845337e-09 7.222059789295403e-09 8.745769207468892e-09 1.1836384844939255e-08 2.042515764788572e-08 3.738309461278399e-08 7.326530675508385e-08 1.4650819234873023e-07
430 4300 9.358186542384151e-07 0 0 5.410254666830492e-09 6.567819031767558e-09 7.660968621439903e-09 1.0364680891749406e-08 1.7746777246071077e-08 3.266719015312561e-08 6.437711741952701e-08 1.2822292973200212e-07
431 4310 8.377961356698356e-07 0 0 4.877520503989426e-09 5.609234757585226e-09 6.7265713093683e-09 8.695751060851625e-09 1.5428776943166078e-08 2.8524618650766546e-08 5.6207777996405084e-08 1.1168169513691898e-07
432 4320 7.78798588440131e-07 0 0 4.428956942333536e-09 5.080363294261163e-09 5.707240128050317e-09 7.675090609490026e-09 1.4018012760981976e-08 2.5882233032218646e-08 5.1061973163756885e-08 1.0161531399617669e-07
433 4330 6.811366127065861e-07 0 0 3.8123201647512475e-09 4.2376247595520956e-09 4.776690853125683e-09 6.644761682148609e-09 1.2264163797887886e-08 2.270558290828382e-08 4.489189968284782e-08 8.930817153110232e-08
434 4340 6.380708434821161e-07 0 0 3.4589281421205926e-09 3.89020562468073e-09 4.413721188143546e-09 6.2652309645681695e-09 1.1485826273915942e-08 2.116919083189016e-08 4.191754825074968e-08 8.342169302660528e-08
434 4340 6.380708434821161e-07 0 0 3.4589281421205926e-09 3.89020562468073e-09 4.413721188143546e-09 6.2652309645681695e-09 1.1485826273915942e-08 2.116919083189016e-08 4.191754825074968e-08 8.342169302660528e-08
