% # columns="iter, evals, sigma, 0, fitness, xbest" seed=164562, Sat Jun 13 19:22:02 2020, <python>{}</python>
1 10 0.4327947315243792 0 55.42593418632838 -0.40577862165384526 -0.05669218110375229 -0.2808203457532479 0.403799368803189 -0.07142759849332754 -0.02633262400322545 -0.40766327874629477 0.2258738525125986
2 20 0.38399901172596007 0 59.41830714457487 -0.22548942452784387 0.03814469789115066 -0.24946522164451748 0.41223200597758836 -0.2997518125858143 -0.15585164539758495 0.03428875474156409 0.2122916933995334
3 30 0.34604956324998576 0 67.83299014904877 -0.0013478358106888133 -0.05217695595214045 0.00016333082414400624 0.10999558794253794 -0.6330862279143192 0.18206423498745317 -0.22608403809191197 -0.1605082077608032
4 40 0.30378654694350127 0 75.93228865278421 -0.2962875493125125 -0.237303740159738 -0.14404587738889715 0.13756854521611425 -0.16369820631098728 0.13890790628132807 -0.40003261171873616 -0.37373044245056003
5 50 0.2732570403154829 0 39.28324564210913 0.049285343374362967 -0.3453454074573916 0.10899114441589586 0.23006574179830733 -0.2273274115659138 0.23251470685883585 0.22552358413799656 -0.07392894030572504
6 60 0.2626275839695937 0 36.30075547223276 0.32534889943650924 0.13425311487667826 0.008550553435977812 0.10152803547191339 -0.4248889131462463 0.09271319370166303 0.048444447988615816 -0.29019996773799694
7 70 0.2410482344096791 0 18.282257886185015 0.13176401750833192 0.12208699001364956 0.023356653603368097 0.014298995031810292 -0.019634932710560216 0.181936709349787 -0.15060209241510858 -0.17648139665584056
8 80 0.24402235065630598 0 31.151082048849105 0.2462691004574092 0.20855093019685253 0.20606313665091502 -0.11912566336297571 -0.2610283332089268 -0.04310882136530286 -0.16828977097065165 -0.19263177881558335
9 90 0.22808258526398165 0 19.92792282140647 0.020372016565725515 -0.16693305445199935 0.03867393910259587 0.1785815549774139 -0.16656237544925862 0.007322836611910938 -0.04999002443311787 -0.15178015071730427
10 100 0.2082421179927053 0 22.100406449248393 -0.01731111001359481 0.08062838111982715 0.21145890382039748 -0.11722083498526738 -0.17299285272249593 -0.07269844643640853 -0.13167530531535276 0.09849674383372556
11 110 0.18892488443840152 0 10.765796645371314 -0.021536902240542874 0.04983566856378521 -0.013780943123171713 0.1673435801826687 -0.03328042748801177 0.000582941322832313 0.05973430052279059 -0.05568643158395031
12 120 0.1830761894684506 0 11.75069131999877 0.2217529328352712 -0.10829100172390307 -0.03007329584752545 -0.002445768386980393 -0.0022067448323887457 0.017377387298161094 0.0797355270652381 0.13738796646120713
13 130 0.18496796305220317 0 20.7399621832854 0.4408192421777207 -0.067642213711233 0.04241341970444483 -0.10057864300538802 0.18837778946202224 0.18744562269654452 0.16077757149650743 0.03874819093162708
14 140 0.18403628191517984 0 17.1047132694586 0.23187690774226932 0.12346566116329814 0.07950064184780381 0.131024442745154 -0.008622137842073496 0.045944585533945564 -0.1762381934422379 0.25290034184660787
15 150 0.1764950004195859 0 14.26782455627914 0.34771656932260886 0.20695838963365698 0.13060641294708175 -0.07521944608281649 -0.1317955463253253 0.12457615892418361 -0.026304712725690498 0.16270549911719165
16 160 0.17129008305394133 0 24.51576916103149 0.3804367611189832 -0.10225775849106061 0.1634263071212092 0.16713251135509072 -0.11569500852656239 0.17772655803510137 -0.046483914619111846 0.16714227817192268
17 170 0.16144824359731397 0 21.773911296310203 0.41940276063849424 0.05528243187339349 0.08541851907433966 0.18051058815463186 -0.16173619065590067 -0.0959107496954408 -0.0710019661671443 0.21230342488535608
18 180 0.13718554061551463 0 11.993484521807074 0.3689695137763308 0.00482351439822061 -0.032532950005892805 0.11440039348170188 0.06093635302798672 0.10039475558761551 -0.015870029495797678 0.13007336965495098
19 190 0.12491447727255135 0 11.50302868171499 0.38378013715321163 0.03592313934487215 0.14349845031326353 0.05818676577034133 0.10417314617762156 0.11647963944109678 0.04041867810101254 0.06959450858320726
20 200 0.11649734402158105 0 10.391054115394207 0.21052799214306792 -0.027670785810041273 0.12635659766629503 0.09478569546613705 -0.0007656547725887301 0.020444836495462013 -0.09208430725386582 0.06776501356456222
21 210 0.11246196777794527 0 9.615874299701444 0.3993287860208192 0.053654352127556135 0.015989089119885377 0.07303509944617256 0.06111532002884067 -0.018717325152860384 0.13573136367466093 0.011415988645022287
22 220 0.10625627134395602 0 8.11166291335056 0.2836843211520432 0.11173517733300158 0.040561957586911716 0.04700948194087683 0.057480351630363316 0.11863515956586747 0.07645655508359625 0.029436019758627956
23 230 0.10445259980809543 0 11.84550377560697 0.17552688644772554 -0.0683911890976977 0.18583856832658957 0.04561499839764685 -0.021731559546267227 0.01629193793465398 0.09421673668821404 -0.052426576882926665
24 240 0.09793454401578118 0 9.759098408534621 0.16233070848511783 -0.006065095597110333 0.15622415791587388 0.04108505237777786 -0.0014411322213267 0.06228526808176523 0.07420827267346723 0.05226355817418503
25 250 0.08830941600371475 0 9.822314588346307 0.22925503043444057 0.05403959392761962 0.0926124026132987 0.02199095777797517 0.004739038549613255 0.11870166277035706 0.06183677758893178 0.12404229370352567
26 260 0.08868568435402584 0 7.952770482224074 0.1296560316128448 -0.03085548413162431 -0.012732419214576102 0.022401281080078914 0.05546031336073227 0.08180904276687034 -0.025687304778402104 -0.019796344557839504
27 270 0.07954951862296915 0 8.134377108527056 0.13132708039322435 0.02124781090215566 0.06678939150852822 0.04513039215757479 0.09090281686268976 0.05568873143776642 0.0685127271345658 -0.001425979080693699
28 280 0.08060682095482717 0 7.397476249687097 0.2676372796425454 0.1251605857481336 -0.0012919732269927806 0.08234346830836287 0.06369768533775065 0.013448659846963723 0.007159493065565389 0.029110872509548837
29 290 0.07327147296201843 0 7.148264283096053 0.1969036878035631 0.07042208139496849 0.03034648245871643 0.057146281654093904 0.018284904400842794 0.016739256027305367 0.0696019413380029 -0.0006314215119736025
30 300 0.06324663442230913 0 7.367401460635436 0.2027904322214359 0.004378488515049954 0.02672296247795885 0.038478882015145044 0.08306141960396429 0.035735298882327265 0.014502897933876373 -0.010689556754963588
31 310 0.06180371955467551 0 7.046434634361015 0.22764480319569208 0.10415436215485402 0.003340905814583933 0.0307881454860725 -0.017061463851649153 0.011591290125938285 0.025291300709888775 0.05265160943482706
32 320 0.05772888816537302 0 6.855311407220607 0.26953048919007094 0.039364430209132155 -0.024939204926901527 0.036783271161318326 -0.0021845802257725658 -0.01811409407290862 0.011191891467497545 0.021187829430133014
33 330 0.05672023818915025 0 6.3408557426223835 0.3091498853110041 0.08849495366578779 0.021445230936566924 0.009351790954806958 -0.0003533124406560162 0.028389744297051284 -0.004325512028826403 0.01604472147356409
34 340 0.05198679856411783 0 6.537490075845566 0.2568758598141115 0.07532655016371352 0.024090074103166603 0.007257041053650135 0.03740846824156162 0.008033753820335504 0.030608758571707268 -0.023075017365856782
35 350 0.046822495473411455 0 6.605293566824448 0.26053691082037517 0.06930481337967202 0.01386053563166957 0.033502263252956854 0.0003565803360290852 -0.00910494944823427 0.026933972436453207 -0.03412537615690325
36 360 0.043633527084496714 0 6.773969938106245 0.21906902251026808 0.031816904103422215 0.045414408100609434 0.025672251690037635 -0.0021894069577399157 0.011172960544307635 0.03500317521694976 -0.018476788676815598
37 370 0.040797535729642155 0 6.669372772409366 0.22184551959654308 0.069054100970329 0.006399164263676666 -0.0001641334774276082 -0.0060800833541469305 -0.01722089002900674 0.04145200315386438 -0.0020004307461241313
38 380 0.035226099346011466 0 6.737909281899247 0.21956831669053664 0.049358413624826424 0.017949503935376167 -0.0009860239443558903 -0.013352820924739623 -0.014163306598654474 0.04779830584084199 -0.006257601984740705
39 390 0.03147731891439379 0 6.618937104797805 0.23927514712718675 0.06089873644333967 0.031143589167573173 0.02350385787987043 -0.010694124467337546 -0.013104261865366448 0.03362988563250556 -0.011075876873849842
40 400 0.03261386465849038 0 6.345220670339543 0.2963406606617166 0.09759911225681553 0.042987891028334974 0.005447620068573921 -0.004456537542083545 -0.001584791341130886 0.004488641910120071 0.0022199813677254323
41 410 0.03551408971383056 0 6.338062018314099 0.3152032366506801 0.09917447820804216 0.023519124818691506 0.006051037042518211 -0.018573619896256225 0.030899857195634595 0.007509334370467786 -0.0020747528065605788
42 420 0.04082229254757956 0 6.246877791940559 0.3664274104128862 0.12791543418915802 0.014715892757057931 -0.0016409235009039128 -0.01937068612358641 0.032837265693386276 0.013796708041058118 -4.43372816078284e-05
43 430 0.0440109156795662 0 6.173116557806561 0.40329164083713936 0.15639742637339485 0.0019480344521283638 0.0033806965486332407 -0.007498176575654339 0.03421034268553029 0.015890032705588614 0.0011423442262302602
44 440 0.040948954005149404 0 6.207629054150534 0.37571438672019375 0.1304277444766726 0.049649307253101155 0.021226825391101167 -0.01731509705782402 0.009939281164822629 0.011942239765524117 -0.003087927041033607
45 450 0.042335328025098824 0 6.276823102964549 0.3764446308233308 0.14355247413233094 0.047360513723727724 0.010919036327588392 -0.02713128447052164 0.024733670465007945 -0.0011860676982791557 -0.022037001435460182
46 460 0.038542494603039976 0 6.214612127034361 0.36326754595199473 0.12056735784339118 0.009085756749106118 0.02540056046103667 0.006577844238520741 0.0013179958274827965 0.013161253756557117 -0.021008281506855922
47 470 0.03525544097679364 0 6.228854915714411 0.339927703372463 0.11771581011691536 0.01716827676939931 0.028060653579568065 0.023322716974970882 0.0038816802561378073 0.025331066691529937 -0.010904883081312548
48 480 0.03655774034765198 0 6.246857808718948 0.4123432681595204 0.16132981915785916 0.0032187166790279623 0.043063581939109 0.03452569386996453 0.016286857596668237 -0.001345318693627827 0.010769323449015003
49 490 0.033743376643839446 0 6.198118972198168 0.35569529756948765 0.12169206786192852 0.04829068523673636 0.023464972278074557 0.015501039808423553 0.0186457591874945 0.0018380610663993047 0.008964360889168044
50 500 0.031887558453565355 0 6.1199848846200124 0.396115943608174 0.158281268321878 0.028317549997667377 0.010550760183963292 -0.014564533158627619 -0.010601632346743644 0.01694284453874176 -0.0182243031042354
51 510 0.03466445986076985 0 5.88065942179662 0.49239470914936534 0.21192087819086802 0.05950711299597477 0.011293398599105529 0.006053895566475818 0.009860995871920547 -0.010295808240070484 -0.007867961387323003
52 520 0.03725261559052776 0 5.917761211802697 0.4222634332260066 0.1829921346810056 0.0331763745829109 0.013362714062365097 0.02348505138578414 0.008588319615017576 0.012231763731339976 0.005905674244859719
53 530 0.036348776846699855 0 6.041061335804924 0.43173029065140445 0.19423304327234017 0.02084203309126052 -0.01656026048644913 0.02332162179036664 0.02458186722628753 0.01655560927854401 0.006859143389264398
54 540 0.032991294112627585 0 5.943465401563756 0.4132368730553497 0.17071048271048814 0.038379833562680085 0.014358637059855867 0.019589706512835 0.0009010425117571899 0.006449190416359712 0.004295868061546172
55 550 0.03561053119503802 0 5.958005563148879 0.5075567867170236 0.2420088766689069 0.0902834350326675 0.029467929458484716 0.024475907415300025 0.02960673847539029 -0.024879760480633478 0.0232368752261673
56 560 0.03612879875849706 0 5.783662853711572 0.4612175546436508 0.2357970669655029 0.0637058727579848 0.005552618864089741 0.01565325028791239 0.011948053344484164 0.011688615252982185 0.010324683994108307
57 570 0.04347265968083574 0 5.638998371952239 0.546601380630846 0.2802809280080853 0.09360353522718437 0.030275451254455472 -0.01122824383691201 0.020586836815660536 -0.0033710929614621512 0.006137396965614951
58 580 0.04580764290384482 0 5.804039508594963 0.5409678617971461 0.2759327080017309 0.10790786377831058 0.019295456158240812 -0.018404897061294178 0.036312673832728834 -0.011529303786034695 0.008207174575013316
59 590 0.04154449196588922 0 5.6966798157362195 0.5457732265600287 0.28091796396046037 0.08256758874219772 0.03575417963591101 0.019181140720251524 -0.019723041085523647 -0.0015422953165874116 0.01015653743438314
60 600 0.03929063570565052 0 5.714873171825838 0.5607507599373971 0.2931336289023492 0.07193770845254244 0.036122395588288315 0.00803184932795823 -0.015564322340518653 0.010954427195768075 0.019396222162734015
61 610 0.035995767025192554 0 5.742250595355183 0.5281268227313328 0.285894069301158 0.06992936492566464 0.021266128451992623 -0.0034415711456773253 -0.026423984753280123 0.02269792318770638 -0.007037718361725865
62 620 0.03160987915906582 0 5.640244038714377 0.5511101115669019 0.28499412049828887 0.07649294439981107 0.020124124481980272 -0.01716982461379002 0.016375892723522217 0.012737892941677542 0.008919991601383959
63 630 0.030233554634744142 0 5.6340488267566355 0.5544679076535379 0.2872009187098149 0.08315349855167489 0.03951402367903434 -0.008858396548380582 0.01648406386419095 0.014547109066187102 0.005409853164801135
64 640 0.02918602683075857 0 5.559660590912943 0.6039517300131291 0.32429159562468624 0.10882218590968207 0.02865474516112553 -0.0031256376551834822 0.019685170807371827 0.0005382225965745689 0.00932067962752126
65 650 0.030173810847877004 0 5.47919109258314 0.6061231164186681 0.35071870822421514 0.1207262893053359 0.04167844771205485 -0.005000143551774318 0.0365069029730366 -0.00921028648716367 -0.005939943322627801
66 660 0.03393043382279679 0 5.481663691749772 0.6112480818833621 0.35281806479636263 0.1340917124671468 0.04266520713100212 0.001884433593806367 0.04284500661472275 -0.009558631475990953 0.00628215873001451
67 670 0.03648035347369791 0 5.3996609430549904 0.616496020915297 0.3621777354156244 0.1290719559115588 0.01918039230738605 0.002964152885981206 0.039823811647246285 -0.0041160198033752225 0.007398248519338085
68 680 0.03400140347852659 0 5.381912899539349 0.6095441446593843 0.3530947277784446 0.1303705113011948 0.038086709746787836 0.01422118572729062 0.03478066970360455 -1.5057726550690015e-06 0.009079688559723187
69 690 0.0333240587495933 0 5.347310448263006 0.6007787913543321 0.36232726978820573 0.12067863127004784 0.037416410324779825 -0.010434571131559198 0.008392044612034463 0.007540087579373859 -0.004617011194212083
70 700 0.034529687295967976 0 5.271335443211594 0.6109827801527064 0.3830020614688202 0.15903680646917095 0.02805319311548183 -0.016647082526144642 0.015090508774978853 0.0015746159735990383 -0.009487467685433387
71 710 0.03373545676984474 0 5.171769674675472 0.6525126309126087 0.4109416303703614 0.1675619885647153 0.03699676968780613 0.0029606440067500225 0.03141274302587761 -0.007327391210666949 -0.002837351076782513
72 720 0.037911449987246375 0 5.0481442411383535 0.6860387476428541 0.4666147345419758 0.20411706792821202 0.032622425489346095 -0.014351866996429024 0.023051339489636908 0.007991267341297698 -0.013556255818120009
73 730 0.040895733111522024 0 5.0588421122052765 0.685998573665304 0.45100713195623854 0.20858857110276824 0.027665187555106885 -0.006993528620277056 0.012945422063216016 -0.003983169947351321 0.0016369874990364627
74 740 0.043878253637282684 0 4.78890100781752 0.7348078241237581 0.51645679566066 0.2582852491574817 0.05926455214910159 0.005585897488535486 0.009803819075271536 0.0110390534531782 -0.011039938986017475
75 750 0.04481712463723313 0 5.091980760505688 0.7516648769373868 0.5501395205422329 0.2612755950767806 0.03319713181815085 -0.007730814278759255 0.01728907909292281 -0.003291341479823162 -0.006794416037292363
76 760 0.0512680090777574 0 4.947630646028121 0.7438497653205741 0.5752767278776119 0.30600516555455365 0.06680695190977037 -0.02551230624935219 0.013356755782474933 -0.005174442680567204 -0.01492008153822757
77 770 0.04795998433736685 0 5.065997447310914 0.6768679647408318 0.48569909174011133 0.23743321557638936 0.0627804637447735 -0.019998892237305332 0.0366799065847466 0.0003168317576698731 -0.0012840880666575875
78 780 0.047994604466317044 0 5.090082465099096 0.7156973367903191 0.5525096375750327 0.2981894897218844 0.0690994281066247 -0.010861425787933417 0.04411386467277828 0.0009618598499552015 -0.030258053616984436
79 790 0.04533432236825447 0 5.0090657746006855 0.7460892213402881 0.5869808829268781 0.3264245142914042 0.05846522450732487 -0.00413348801310324 0.01455942111773394 0.0043290353700641375 -0.02799010980711924
80 800 0.03998630111328913 0 4.895511395016972 0.7260033260511242 0.5357487804960351 0.2792414039961045 0.042933440082875134 -0.004630191138228239 0.014964534919635435 0.023136024807340724 -0.013681350243300004
81 810 0.036286478382197965 0 4.838470244285625 0.7134368175460367 0.5034684463512517 0.23193911621814117 0.0575154982392813 0.0090413136938729 0.0015141539068125667 0.004962923933150067 -0.00755890828398543
82 820 0.034850797417180696 0 4.737475776595765 0.7425614965964102 0.5690764642712864 0.3253146734162758 0.08719516909976227 -0.0008968896734146384 0.027257399025297058 -0.001854221868556603 -0.03113708569444737
83 830 0.03282332794689765 0 4.716840959695396 0.7382627862167275 0.535190856063674 0.27268015668797646 0.07264829449699456 0.013736974891762182 0.02123859746710661 -0.003263955436078392 -0.015596778187756361
84 840 0.032310491663311125 0 4.652279378571172 0.7277494786734877 0.5493091367398731 0.30106730508808166 0.08343559403325088 0.01511866598622548 0.01335054671095351 -0.0009525088156473868 -0.018180956208446383
85 850 0.0314976130816646 0 4.595722057494233 0.744600421632169 0.5544734057765746 0.2973121855519747 0.07923690033020794 0.016198071013108578 0.020960827352054068 0.014763418963794482 -0.003659884750412932
86 860 0.028769250833117942 0 4.600226440754679 0.7403361669591333 0.5591340262822808 0.29755597986251137 0.09378426854039995 0.013859610129472913 0.024627274594697456 0.0015488236477989095 -0.005508467240229424
87 870 0.0281592168720721 0 4.600999621549585 0.7378067719039689 0.562923411800962 0.30867314327815765 0.09932508750241495 0.018999745182202897 0.004753721420125029 -0.01221699430391818 -0.007922522698254464
88 880 0.027289843217160405 0 4.531818436434991 0.7593086399821712 0.5876579080341294 0.33342139519217157 0.11381221747664944 0.004208117601940821 0.014257915026713383 -0.009722915112111569 -0.01613775004195187
89 890 0.028560056308380783 0 4.507378243283364 0.7714896829728894 0.601119424812447 0.34411023190001294 0.12166939320361847 0.015945750199872603 -0.006439012951616916 -0.015093750171445592 -0.014233271731741352
90 900 0.0331119739596051 0 4.499956980649413 0.7730412942074903 0.5971030067951622 0.3589262003368402 0.1289746319926669 0.0031396029758369052 -0.002779761043628733 -0.020256545268448233 -0.012074012411227282
91 910 0.03706607074415629 0 4.44315245741767 0.7816190779590444 0.610048770681362 0.37167447977388635 0.14970255160966922 -0.0018885743390504627 -0.007741112983407726 -0.004552392972515832 -0.012830691101195156
92 920 0.03726781427307649 0 4.439763204080597 0.8147665670924688 0.6469431021057706 0.40859353613006 0.13940740699257775 0.002805857518260751 0.007545916759775743 -0.012314359256852817 -0.015125664849459885
93 930 0.037618875971486394 0 4.405342280603429 0.8228725019095573 0.659653622134294 0.4011329807279304 0.16445095955086717 0.0128179814584431 -0.004644397929266655 -0.008692692745180476 -0.01491676179061521
94 940 0.035808261686642515 0 4.398986637414232 0.776125869266281 0.5883845347284714 0.3484156574537452 0.13663576139229514 0.012301904904691807 0.016168667169623008 0.004373471965087852 0.0007028621996990926
95 950 0.033447641291962406 0 4.318527429214463 0.8206636367059545 0.6444164140392882 0.4035387930454123 0.14813307313266766 0.01957628009377254 0.009685634600118944 0.0036114458488909554 -0.011545587333279187
96 960 0.03227444831311715 0 4.282285599073737 0.7911671430717697 0.6194092923809463 0.37753616675122154 0.14403582748687357 0.02144282023099116 -0.0057697305306622475 0.009298930623337587 -0.00469027902329529
97 970 0.03438794145534427 0 4.290204059883133 0.8018785568987475 0.6458849375828617 0.409653714160123 0.15980336435612158 0.022918098167669595 -0.021723321882259925 -0.0017894500587479299 -0.007301294692362794
98 980 0.03493385297328864 0 4.157383156231403 0.8060824292558513 0.6574716086070388 0.4154143615344773 0.1704389159179107 0.03068528815323193 0.00237804607112857 0.012077403565460443 -0.010757631089541076
99 990 0.042610405504372555 0 4.151231350774675 0.8208356884582014 0.6678684567022382 0.43888771859545167 0.1800225671877167 0.050933941765388166 -0.00520099541562215 0.033302010390827294 -0.0007428682346117257
100 1000 0.042852279608260206 0 4.141181100946023 0.8189044693640852 0.6720504212869254 0.4254751031661666 0.17955608095353762 0.04714355682208291 0.02070154846298091 0.015147048317208882 -0.011501795610530163
101 1010 0.03891317729931846 0 4.080763312648446 0.813405334448513 0.660323988332846 0.4399209893788848 0.18926135267735947 0.031758262623265095 -0.0034379406731761507 0.012009100271013214 -0.013101860039057283
102 1020 0.03890183465688993 0 4.101911014135411 0.8271845249732163 0.678193150207532 0.4464340692901494 0.18507118990156912 0.05140115020834089 -0.00061474555848357 0.027300948638709247 0.006713935608709065
103 1030 0.04200047030800612 0 4.0892598327769445 0.8116798072805183 0.6571168878240341 0.4369213146248987 0.1847102476804575 0.03285130373108521 0.009873531233815217 -0.0012705947874509828 0.01462246341087986
104 1040 0.04302224119714325 0 4.052240897133061 0.8187778045328825 0.6883847528983008 0.4624898210180457 0.19848819491759936 0.053849614770998505 0.018873784131826946 0.01870581263605755 0.014868347473045506
105 1050 0.04593055477607467 0 3.867161881336843 0.8469871488668353 0.7176741468170487 0.5101473554832902 0.23753637541300715 0.049778476592881385 0.014352949415678785 0.009198989241392574 0.007838333254228702
106 1060 0.050928698041963594 0 3.886173846773713 0.8364413805951134 0.6941262325657446 0.4961557271232901 0.26136467378613293 0.065992526826561 -0.005760845642180301 0.02441936846303709 0.012345415969876029
107 1070 0.05098114027567376 0 3.941142029764033 0.8350391023583095 0.6929253361996977 0.46860709773001435 0.23030392671705893 0.06879436357359002 0.03324775460320556 0.016826409875619123 -0.013465363855498175
108 1080 0.05278373927057413 0 3.8586887639205534 0.8686652276807285 0.749409338715259 0.5323410461774932 0.276185929752562 0.06656332987861549 0.025289842639532958 0.03693251384158613 -0.008097304813404784
109 1090 0.053123393016607276 0 3.7673351278264544 0.8761503186000773 0.7764790679707061 0.5712113940587896 0.3025479636005024 0.07569943336797781 0.012064891979669519 -0.0019397510718471012 -0.0057336789915127815
110 1100 0.05336292854348742 0 3.6936224271670035 0.8749765467287764 0.7545267779900109 0.5420919800311138 0.30987513085313173 0.10788986001939789 0.005629589631004535 0.016336641852215478 -0.015006076897976115
111 1110 0.05530406819930409 0 3.7666374743464344 0.8532461787211225 0.7558829103528746 0.5462848994008859 0.2974811088748886 0.09702788583698002 -0.001175639131116792 -0.0032913178540880123 -0.004098125619726109
112 1120 0.058053395011459424 0 3.6455436316971586 0.8677446345572628 0.7781177898244356 0.5725539661957401 0.3496939167616787 0.1339666533322535 0.010447349939749204 0.020159560814176872 0.0075162782711937475
113 1130 0.05774803755419652 0 3.4321597564383426 0.8847692262055797 0.7835859379485208 0.6022648301614238 0.34724097218093014 0.12362772116509 0.022941816716698406 0.004368852708169788 -0.01662977027063188
114 1140 0.05258424890227678 0 3.6147357389056642 0.87746401286208 0.7748073066008212 0.5784214628430849 0.3109151726960238 0.10012563353905302 0.01223165600257371 0.015288655084568229 -0.00997139944192812
115 1150 0.047744843816115504 0 3.5633514741696812 0.8676337828838949 0.7635079369297599 0.5904154569247987 0.3252809946788816 0.09864814839112297 0.02170907391552753 0.015631471608808338 -0.011824759949472935
116 1160 0.04754291138621016 0 3.540521097108761 0.9007584393842881 0.8126446549008027 0.6409115036585664 0.3826642229594353 0.12075651399621017 0.02765558273526149 -0.012455913253329318 -0.01544929252902068
117 1170 0.05406440288751889 0 3.571760038138672 0.9176746157234745 0.8041870947224895 0.634695466229254 0.4033915966686653 0.12619214590934594 0.03119815404403089 -0.0009029508864036348 -0.013325701021450271
118 1180 0.05281639346656609 0 3.5177250164160565 0.9138328857002652 0.8346834441530606 0.6642874960544328 0.42672733472460084 0.13548060447035476 0.02558051363059498 0.00899115531959328 -0.008253175700618148
119 1190 0.052072359390667435 0 3.4061709804813916 0.8844066289118799 0.771960815739029 0.602490113412993 0.3919441545254801 0.14318751692451864 0.027947121861456328 -0.006646361837010327 0.0015029911505813655
120 1200 0.04856441172694279 0 3.3980392427132173 0.8796326242664412 0.7858831965425154 0.6219134278662793 0.4104599596698316 0.14648519829122061 0.01428602682116318 0.02734043492585439 -0.002731428382723946
121 1210 0.04894390094043558 0 3.4020492522168264 0.8829610898492591 0.7880480589367855 0.6468508157323767 0.422753091514837 0.14628036338300945 0.02422921086892122 0.01721964554391708 -0.01681132454910321
122 1220 0.050237084928477525 0 3.4143977683574236 0.8913205311414263 0.7925141032145446 0.6187991962289455 0.4067970537402265 0.15706444765258284 0.05128242290040958 0.0032685333964829703 -0.033792267494616855
123 1230 0.05000696360750268 0 3.4075910225276 0.908105893967288 0.802580693319979 0.653493071962092 0.44723983699086595 0.1765874732443157 0.0636356961500625 0.03672374238240541 -0.028084762481806153
124 1240 0.050077029827119326 0 3.4324626205607585 0.8789392664699445 0.7771326826344779 0.6258052072878914 0.414592892741053 0.16427626715367474 0.04629182893226396 0.028875708461902787 -0.03339316225104139
125 1250 0.05125110737457528 0 3.3266595919382054 0.8991852829748691 0.8169199290854342 0.6721347553016994 0.4561434192758429 0.19248798825720811 0.06767114181641558 0.006620005555835567 -0.04914082908700393
126 1260 0.05453385868261836 0 3.2583401625983206 0.8941850439130579 0.8167265862799981 0.665777991847157 0.46374985443058203 0.20755936180171744 0.052597928157812404 0.017707668684769456 -0.04608193233184667
127 1270 0.06073111889014525 0 3.1256874709313065 0.919991737669954 0.8423252642957377 0.7331471607494362 0.5244412755669273 0.23801650974012034 0.07369237656076197 0.04161446569616559 -0.0243996914202591
128 1280 0.05831536961784788 0 3.2796389458727764 0.9003178027687492 0.8130805874428343 0.664745292686389 0.464591580016791 0.20045972736112608 0.042331430116802876 0.045078970325808765 -0.029970597899375312
129 1290 0.059986294670741194 0 3.0217382085929234 0.9197757046704609 0.8447161721936457 0.7074984933454791 0.5016577401894781 0.23578496758259404 0.051201271376281034 0.023115094770742264 -0.0376321217922587
130 1300 0.0625856935844919 0 3.0314326032819863 0.9348722273018478 0.8399973295512341 0.7005660842059881 0.49896222229698856 0.2520417916226253 0.06572937872109741 0.015055972708295829 -0.034527726358687706
131 1310 0.059375217493543866 0 3.030416850384091 0.924258259848453 0.8405585740354761 0.7169413600115457 0.5182479509976798 0.24032936805439992 0.0497891699649941 0.014781210433477064 -0.03198685767242335
132 1320 0.05689548743825743 0 2.9670131779766025 0.9242996509505117 0.855179571571372 0.7414731079832565 0.5477502614855092 0.2715327534261845 0.1020485747867093 0.027474014322464605 -0.04224244485844449
133 1330 0.05969594399018472 0 2.9819708539910117 0.9332393614864594 0.8588083797953795 0.7175514827644788 0.5300708981101021 0.2625579551506563 0.09217396765113924 0.012168515641540924 -0.038080007673745746
134 1340 0.062461615065868815 0 2.880103124076504 0.9308068350067843 0.8581163897590897 0.7227929083286131 0.5607426975454767 0.3087058021439267 0.07885813310916331 0.0214961461711121 -0.027072053310756808
135 1350 0.06479059444720461 0 2.772935138749607 0.9503763190016224 0.8849867702785817 0.768898435845287 0.5931537097591963 0.3379300391113464 0.0945091954216956 0.03620608332225773 -0.03926332042716382
136 1360 0.06886711983308891 0 2.744460386135974 0.9451475888930815 0.8708374489268993 0.7344590520013192 0.5378112600667689 0.2994079201008716 0.08748592319979236 0.02032233044701661 -0.014638490163980356
137 1370 0.06634153249463672 0 2.7554415046614316 0.9325204848595837 0.8683833430067615 0.7447005043615053 0.5609954744075352 0.2889765223335056 0.10234632863911583 0.02860093065645737 -0.026206458230460878
138 1380 0.07079459967937211 0 2.701194016442299 0.9535847270701082 0.8928916470837126 0.7625371384735409 0.575156252226468 0.35323483748280265 0.15442758153707362 0.011834725403004558 -0.019025428074792614
139 1390 0.07646785544539138 0 2.7072952465647235 0.935523494686101 0.8548218111982785 0.7406621148448395 0.5645027861637737 0.30157402882203455 0.09391390709377763 0.007479584177384356 0.015617013541924175
140 1400 0.07413376581714669 0 2.611104104533905 0.9302560361810043 0.8506418508622041 0.7400250105660185 0.5497913864253992 0.31278206032702505 0.10813534926194124 0.01760445478928727 0.008388796111890053
141 1410 0.06847854614806814 0 2.8076237835100684 0.9148129093444644 0.8334109359785835 0.709033913609997 0.5150164319691235 0.2713230409664548 0.06209135311422021 0.020814681981096574 0.0022859777230496833
142 1420 0.05909938188497188 0 2.616370888492751 0.9326044449175227 0.8606829050686101 0.7438888857742482 0.5581206637582158 0.31796082086520183 0.09575100252276227 0.039073815363518075 -0.011674395267337694
143 1430 0.053979828913146316 0 2.5516513371087743 0.9508830780421004 0.8804829321579556 0.7777358762550438 0.6008303303842941 0.3347129054659809 0.1162712648835758 0.0325886235618999 -0.0022551903569722606
144 1440 0.05296362673640905 0 2.48196057766243 0.9332741298998771 0.8671000998253053 0.7778635996663199 0.5964934141951129 0.3460862623079994 0.1363374825912861 0.020652245989366037 0.003976774742647073
145 1450 0.05805339358534925 0 2.464818390032784 0.9371920054812191 0.8949370173689983 0.8034090148701447 0.6360296470859055 0.37303799932555093 0.12426858493031305 0.02453500478070555 0.0027243847915633945
146 1460 0.06542861461760452 0 2.2729409056742367 0.9525403933884415 0.9029705930042295 0.8107021941688446 0.6507877217135265 0.4096767391434838 0.1577892570291656 0.03191243889922675 -0.024687247342577837
147 1470 0.07366427509102612 0 2.3347007540148565 0.9563995919424433 0.8978122014740049 0.8133053238877288 0.6542643460466612 0.4083957285941114 0.19035978248396757 0.040053239973305114 -0.03100149663207874
148 1480 0.08386286517521563 0 2.1850786192204272 0.9562046904666316 0.8928764598024167 0.8087196452761869 0.662720672872265 0.4452809727102727 0.18376969518811692 0.026940039968068874 -0.005881457086705354
149 1490 0.0959684090488517 0 2.064757741177098 0.9431614562367284 0.8868034110717292 0.8300172856135172 0.7121696717534696 0.5187117908489381 0.2602122350834133 0.061953526769258416 -0.0055672219669849286
150 1500 0.10551137211500197 0 2.1202662340230223 0.9683849237028431 0.9295102709347322 0.8856671083585469 0.7745608459140945 0.5512269631227814 0.27506182029840376 0.061025873379539575 -0.015421536218853067
151 1510 0.10255667228436736 0 2.2696390934355684 0.9391035056283773 0.904483867870237 0.8141445822392883 0.6826772896868764 0.4841303609928596 0.19660339544008765 0.052583142110875225 -0.013267153085481426
152 1520 0.08854446552013472 0 2.2884487635520454 0.929318436287179 0.8734376476378842 0.8040962017782917 0.6602920404586239 0.43248830079292344 0.21144119455700186 0.056805941128813695 -0.004875033545125102
153 1530 0.08699728290759982 0 2.0239924452653346 0.9652322331727774 0.9075672580938802 0.8309114583249991 0.6952447796002702 0.5108455063607704 0.2716631746554997 0.07177754412028 -0.02776900891222534
154 1540 0.08222084459501294 0 2.1464191535010038 0.9666036390222913 0.904134790519743 0.8327554004352784 0.6964349560647736 0.47542737905003746 0.24460951487205668 0.03717752504890509 -0.016707420000941716
155 1550 0.07952356474279274 0 2.143631602405106 0.9803131486995044 0.9474035978534115 0.8979428883179434 0.7937061045775973 0.5956666920829443 0.3238239048990373 0.060350242452539136 -0.033451918842849857
156 1560 0.07923867472686705 0 1.9714150097208065 0.9629160545430095 0.9143717964723803 0.8570886817907812 0.7024491376453659 0.510396233719572 0.27405140314028026 0.06802356839715688 -0.00018495584214272068
157 1570 0.07774595069577446 0 1.9481436715320917 0.9685837138698324 0.9169401922261027 0.8601660750884902 0.7178051385403335 0.5086909513112998 0.2738353443622662 0.06483875682441892 0.021292733418588325
158 1580 0.06888916200938855 0 1.860790657748256 0.9726017386613547 0.9293042121325658 0.871656590274407 0.7489446916136038 0.5485810046035462 0.307018874120626 0.0697299697453507 -0.026932868018297185
159 1590 0.061184005491581345 0 1.8246966172002328 0.9581843030266403 0.9220178994967106 0.8508028821932093 0.7294411776380626 0.5506526854359945 0.2974207715031812 0.06681761145292694 -0.021166044567327895
160 1600 0.056393121726421684 0 1.856615421683427 0.9484187522615067 0.9064256662722998 0.8376209133822805 0.7023922341576723 0.5258782187937838 0.2922996326959271 0.09458663252869802 -0.003461747598348436
161 1610 0.05245335702076149 0 1.6753178837812979 0.9567367891502848 0.9225766864782121 0.8741777483839034 0.7497341232723929 0.5702498379460819 0.324028313458654 0.09240700556625474 -0.006248282956305385
162 1620 0.05215983577297553 0 1.6087294230260922 0.975243556121423 0.9351716589330922 0.8787980164928906 0.7623521900742649 0.5770567270785333 0.3269057316245427 0.09203190664046358 -0.002457247836264916
163 1630 0.05252308347072687 0 1.6079758526403145 0.9715124412394897 0.9407299699811407 0.8991104073588688 0.787391181974079 0.6105810041315006 0.3642976771505559 0.1020601727527409 -0.00010818793334862239
164 1640 0.05488362617382936 0 1.6629215499448602 0.9751209640858511 0.945588053171141 0.911028959358565 0.8047313862912714 0.624535285613888 0.3908853633191242 0.11697767579746701 -0.0075397902348779775
165 1650 0.04926198565010729 0 1.657840837299168 0.9584907670018488 0.9182974935539189 0.8532919736348106 0.7445759361060433 0.561519446445711 0.31448381821493865 0.09265315337135882 -0.009014286573911219
166 1660 0.04703117371383944 0 1.6730317770253156 0.9581103824784213 0.9220397470319653 0.8581850327657095 0.741816355892334 0.556132090900651 0.33044241680627634 0.08857456163802024 0.010623689364378339
167 1670 0.04624805514279513 0 1.5872845070880595 0.9602779840286116 0.9289267547857689 0.8704237008891903 0.7462760265502546 0.5637530692265074 0.3366823568701757 0.10742036058822318 0.004092616628821259
168 1680 0.04528324071661428 0 1.5219994384583388 0.9645763630624633 0.9347851541049684 0.8795564982193194 0.7734745061863197 0.5938568064520453 0.3496025703221693 0.10774393835182561 -0.007765142380954265
169 1690 0.04624330400182714 0 1.5164613982336745 0.9629280565611322 0.92695137822427 0.8701899843274996 0.7551990023016343 0.5732103419388328 0.3382272236483563 0.1179119467842306 0.0034178326020310483
170 1700 0.044100211437818324 0 1.4728487019825296 0.9709521719601905 0.9365298494486909 0.8796231479821873 0.7763183587205741 0.5985068605853315 0.3560938524199662 0.1187798307814736 -0.005203950592000865
171 1710 0.04733614587747767 0 1.41128439393021 0.9735363432796125 0.9391031546059033 0.8913183088964839 0.7837685821992294 0.6088233919231866 0.37131099379409044 0.14282482390093745 0.002499799604183524
172 1720 0.05359397388534262 0 1.3929386082086301 0.9740841204515323 0.943642711573841 0.8875695726150543 0.7895127961837017 0.6413025884824369 0.4019070787134521 0.14301263975054374 0.002522111966470485
173 1730 0.05205615844783672 0 1.4090840744858668 0.9714292816444229 0.9418285102475671 0.881425377993555 0.7784756950618175 0.613672396633468 0.373265095640269 0.1320943495451842 -2.0390048390276066e-05
174 1740 0.04868819764208667 0 1.34320001778742 0.9796291610658424 0.9495598741863539 0.8976593828220639 0.8013506106801429 0.645396078926793 0.4077880826628382 0.14913120967584337 0.002767080037083918
175 1750 0.047257077780987054 0 1.3382913634285747 0.9720937730350128 0.9404158660782288 0.8867099801015152 0.7902802720053561 0.6303516202474276 0.3952603545207344 0.1485157136230335 0.003142218524480118
176 1760 0.044570407704740994 0 1.308964979722206 0.9721172575397153 0.9528241630526988 0.9069357048129193 0.818477770465376 0.6609912046199062 0.41906422506068625 0.15631153674815682 0.012088924616431497
177 1770 0.046857660641943515 0 1.3015670377135224 0.9754460452685495 0.9598285659075836 0.9071064246969476 0.8048018910368039 0.6578087918152542 0.4349327509974618 0.17385226358975572 0.010225078301597018
178 1780 0.050451673885437955 0 1.2480289902027204 0.982124019354133 0.9571523050166547 0.8991206535580566 0.8024772947299036 0.6551363125407227 0.422621441379475 0.17677797811923132 0.020499636714660006
179 1790 0.050330666292495406 0 1.1950460863698924 0.9734011730296699 0.9585464440398185 0.9125398984074066 0.8188287049734458 0.6717418089741327 0.4392745804646747 0.1972925729284515 0.020522700181455005
180 1800 0.047488022155246244 0 1.2224041988747985 0.980374171096656 0.958961468842968 0.9131465806960616 0.8373128548587521 0.6932331058608019 0.4577621153752412 0.197317127452909 0.011569751944091938
181 1810 0.04626964545129926 0 1.145479454526489 0.9761576311383113 0.9565496103238816 0.9120253418556888 0.8192732234366084 0.6678589997543066 0.45102959405598814 0.19399460474450203 0.027199541095995265
182 1820 0.04708386628888924 0 1.1677457083597669 0.9699208467571877 0.9448813066562327 0.897894665292462 0.8078636060191644 0.6558193003826782 0.4420513818877323 0.19368098884737903 0.024716268507247893
183 1830 0.05123914257088143 0 1.0505952993277492 0.9730241266752505 0.9505631576772144 0.9119429899318219 0.8407103381883037 0.6979624881688513 0.47942477116115284 0.2292546939682416 0.03596064005527602
184 1840 0.05776854797975631 0 1.097079119323588 0.9742314864935666 0.9673906423268656 0.9182957072610037 0.8407029443445393 0.6980325311131947 0.4764017888821069 0.22823469575511401 0.03869514395021254
185 1850 0.0565550256029614 0 1.0475381350644477 0.9788687455010141 0.9609546876250622 0.9165024045511465 0.8394988820831919 0.6990120886562118 0.48547541251556986 0.22307757030957498 0.03299633943795598
186 1860 0.053353633121293244 0 1.0420604217183334 0.9707538101981487 0.9570653689962735 0.9188376589331607 0.8451607312495034 0.7071350064470555 0.487764936430927 0.22831479757230028 0.040630863151641716
187 1870 0.05937549594148051 0 0.9780917370060687 0.9812014435688174 0.9560248229637596 0.9149967551991934 0.8504159833885572 0.7108455454180763 0.5109841175626307 0.2480682041582962 0.05930264369685817
188 1880 0.06923930920293893 0 0.878700929810416 0.9828006275861207 0.9712996882076173 0.9476824025552923 0.8887091090693723 0.7678602678878452 0.5748197917552145 0.31070358169515716 0.07915396028276216
189 1890 0.0701267755116891 0 0.9431262149352202 0.9804117819247905 0.9714017303682737 0.9489322160005278 0.8871293864513997 0.7700280643114576 0.5581867283361314 0.3036764890162565 0.08399016753301333
190 1900 0.0926877442289303 0 0.7240648281071274 0.972672947453684 0.9660110556934187 0.9479880648422814 0.8952677613684239 0.813025371251025 0.6519295498640295 0.4093326845218364 0.1367946240000681
191 1910 0.10964070771606456 0 0.877313539538884 0.996329848127106 0.9900990473289771 0.9788847317343605 0.9217649739155431 0.8344283183266286 0.6659922838008564 0.4195344601258208 0.1462616083194512
192 1920 0.10173924239753854 0 0.7261935503796844 0.9877645943728046 0.9677465015680525 0.9332031646861814 0.8844017677303752 0.7750936737408624 0.5996260000503085 0.3450830292127825 0.10659365611233687
193 1930 0.11232167704739926 0 0.6479142808089232 0.9751636638292137 0.9795838479461794 0.9474249726647116 0.8944051276644958 0.8098685931217207 0.6437018521218208 0.4118402791248118 0.1667809176159941
194 1940 0.11592243781886494 0 0.8223957060043956 0.9821486036929583 0.9887195526728519 0.9806038604035054 0.9201797508382245 0.8337699807752723 0.6997350401449794 0.45132416349179755 0.20544472970404942
195 1950 0.11346270045534831 0 0.6309848904883741 0.9835783232542985 0.9746113356311119 0.9380715298459221 0.8794076915677129 0.7937614689264293 0.6372653886584208 0.4063685683364395 0.1512638828275268
196 1960 0.11121558453060455 0 0.5613831697083619 0.9839508643977788 0.9877870191536985 0.9758661011414754 0.9322236296931784 0.8563933315990976 0.7372833042467231 0.5250503427729769 0.24253689994879224
197 1970 0.11304422870360123 0 0.607689497759182 0.9855112420100648 0.9677777873266126 0.9360787126535495 0.8954761145736694 0.8349996731656151 0.6812749640209715 0.470246733885633 0.21413934935011048
198 1980 0.10153323747212113 0 0.6305332176285134 0.9888227843596424 0.9828244387877468 0.9476045036951336 0.8871871043439346 0.8030865072253658 0.6415758124832431 0.4188077573176169 0.19271331358454816
199 1990 0.0948908898399604 0 0.48884403965693635 0.9849150154371982 0.9712769389407332 0.943621245060213 0.9091612381952847 0.8334752469633692 0.6874584772732344 0.4608209402896642 0.20902599438057884
200 2000 0.08044600886423546 0 0.5583467494741805 0.997017333963138 0.9832601558975881 0.9539524276837203 0.9194359471850606 0.8513390320531717 0.6978264959644979 0.49605651885558677 0.22145407482621166
201 2010 0.0697670958829255 0 0.5044015536630674 0.9881582010382985 0.9698540253983956 0.9474533892428578 0.9206509535829881 0.8440327381867277 0.6967468315336863 0.4760586194449276 0.21822965468686292
202 2020 0.06872286703699236 0 0.5044680587054147 0.9850835020992604 0.9646173373346448 0.9415857715206785 0.9082337691155522 0.8253870441910539 0.6947787853918999 0.4953527849338203 0.23270024354717483
203 2030 0.06467078831019185 0 0.5139827328450669 0.9826119696375025 0.9713400935424252 0.9523772050771373 0.931794250497125 0.859659375768006 0.7290044905428812 0.5242190870489595 0.24460517885851352
204 2040 0.05948677808179263 0 0.40880723086519416 0.9816902195025226 0.9771809736321794 0.9555096513442537 0.9250163384013638 0.8445239705551713 0.7137199622835414 0.5044261581086589 0.25108682570386787
205 2050 0.05264253888638394 0 0.4273556406053334 0.9837221741191469 0.9731554592170628 0.9585000733925461 0.9286478256516997 0.8496277109617761 0.723195852084388 0.5051408770291096 0.2518899664426779
206 2060 0.04531566916315306 0 0.4010416590580354 0.9861042337748294 0.9775301055292533 0.9559319343763054 0.9261344365095151 0.8563724869470987 0.7366720145708571 0.5307834176020972 0.259475524555785
207 2070 0.043664808002424296 0 0.40289258197071154 0.9878211624834567 0.9795696881844603 0.9583505306997072 0.9254013588104784 0.8578559993988359 0.7380581650075178 0.5229453250597068 0.2579587736446631
208 2080 0.04660041954619452 0 0.3547533081335174 0.9863980065367157 0.9755161021012659 0.9611519851422694 0.9256398792668138 0.8597770181663109 0.7440507996816222 0.5430200051073384 0.2780032910824246
209 2090 0.046851048873001365 0 0.3426466169703203 0.9890261543418337 0.9814064608356688 0.958816896667076 0.922130247301132 0.853944296182948 0.72903099543241 0.5230911974083066 0.27483077974653686
210 2100 0.05376993330422195 0 0.34685182170115125 0.9846613947149777 0.974489580987718 0.9699841670149552 0.9382660029847277 0.8733459311484056 0.7566409233666501 0.5604131309981586 0.3070037901817295
211 2110 0.054654425650142786 0 0.34204601960763403 0.9820564397914796 0.9767306742328593 0.960627388179443 0.9287648188378032 0.8601874457097618 0.74493225632699 0.5449155635798562 0.2887604986368283
212 2120 0.05451420950053402 0 0.35600040401351796 0.9833569579065132 0.9748344442104374 0.9589946986610471 0.9389962620546348 0.881017227715851 0.7697857658469816 0.5812346086368264 0.31805720057486436
213 2130 0.0586793366962857 0 0.310707199526796 0.9845636710641203 0.9755700725784985 0.9663468110477733 0.9298557552767653 0.8756847527855725 0.7583120818576179 0.5733940557430858 0.3249638753393961
214 2140 0.0608337159600177 0 0.3194854160743933 0.9810208708654178 0.9764540255103158 0.9617163757418413 0.9340628669912866 0.8773460932143637 0.7706186565553436 0.585532105408434 0.3258242143538827
215 2150 0.06248284988864713 0 0.29162258605471825 0.9789562212049034 0.9758474087859191 0.9638712780149119 0.9336799177860905 0.8741683741038877 0.7698066261929132 0.600289511467265 0.35822256181898937
216 2160 0.06679240009782744 0 0.24592240582615155 0.9869926168962144 0.9805312617239473 0.9705510538849492 0.9470309641645154 0.89723735933678 0.7986726675508308 0.6307878180629717 0.38049341967060724
217 2170 0.06633774963320455 0 0.2800740589208889 0.9863158885264279 0.9767497481569637 0.9693303999397324 0.9487403140551047 0.8965613579671412 0.8064640217877617 0.6450768008190527 0.39090450464517723
218 2180 0.06195185092281066 0 0.27689688448473676 0.9854905776639418 0.9811232859944327 0.9674648401790736 0.9374800219535486 0.8838146126976756 0.7892739965492372 0.6044150688329718 0.368592042464654
219 2190 0.059230433246226295 0 0.26112781234170834 0.984994221935781 0.9811820724622308 0.966817574502505 0.947539874366348 0.8947446685147097 0.794890071643938 0.6200049207105971 0.3739956335608308
220 2200 0.05964291140802253 0 0.21187270025061147 0.9929428880345905 0.9891543031549058 0.973082160104588 0.944230043947239 0.8910521179831121 0.7905933241352688 0.6246370954370988 0.3827771149945104
221 2210 0.05835716369089222 0 0.22192512849608645 0.9889641388226732 0.9824692839645219 0.9726854212442422 0.9408292737120192 0.8976260375254963 0.8122997205976648 0.6639791424190342 0.42450712874987523
222 2220 0.05737574663471136 0 0.18930176062273985 0.9881295136477823 0.9849113850791187 0.977373271794747 0.9460489059170974 0.9027916969344834 0.8136108283366221 0.6636020372712099 0.4426897635542781
223 2230 0.05638879963248292 0 0.19362001512694182 0.990901098584318 0.985511648762749 0.9790790754023289 0.958649955635937 0.9099335799003229 0.819368688853854 0.6604129261265793 0.43597331528636907
224 2240 0.05937703149155305 0 0.17438940120047047 0.9939471392782617 0.9879480525545261 0.9823166113254194 0.9668203423490046 0.9282294031158609 0.8463176651550482 0.7018435571813568 0.4876372950226918
225 2250 0.0703161651438987 0 0.17006363917842587 0.9945029025716388 0.9855987715088744 0.9780421961699995 0.969780155858337 0.9278005557065576 0.8534234407745843 0.7159583968644443 0.5091686922521792
226 2260 0.07565082092467944 0 0.13797526303614807 0.9960223385419295 0.9923684247429513 0.9838627717779934 0.9678778504689591 0.9279808151808187 0.8591839711814743 0.7243362249503187 0.5156347598921811
227 2270 0.08130396720453235 0 0.1568838949882953 0.9920599820768896 0.9824187142503246 0.9746288245858088 0.9628625466523764 0.9302632546151445 0.8583570160957947 0.7419463192159335 0.5336756994850825
228 2280 0.06965922944690517 0 0.17704140175181177 0.9879824957373176 0.9814054855348403 0.9750988077809354 0.9534034306597989 0.9170465784516254 0.8291946590272701 0.6881599861570217 0.46876485548531915
229 2290 0.059840185854420115 0 0.20039206863029724 0.9927084947629669 0.9894325994708926 0.9763417944678678 0.9657034795760864 0.9245298792529248 0.8485471701894012 0.6979701901779458 0.4828823361125074
230 2300 0.056371573227590704 0 0.14075799247166287 0.9964217973732777 0.9936171346727501 0.9854756089191786 0.9644303975220818 0.9256728029589778 0.846303791879233 0.712889095271187 0.49900698698243534
231 2310 0.053031399872298074 0 0.14546872155902052 0.989713869410628 0.9910783560273213 0.9860068324549879 0.9635453179773946 0.9304310025737668 0.8598369511040527 0.737210567990616 0.5280947013681756
232 2320 0.04711224507243001 0 0.15018410979326813 0.9973184660701466 0.995139352221362 0.9882592001359649 0.9695660644618816 0.9307229335667897 0.8540638575089854 0.7213258023930551 0.5104362339412408
233 2330 0.047891382325568124 0 0.1190538675266633 0.9962405241080587 0.9908231893329683 0.9838016642645799 0.9627535723016934 0.9230108641798271 0.8517425155547272 0.7188671765097209 0.5201973367684233
234 2340 0.04465564852263352 0 0.12104517858705029 0.9925534566890414 0.9885587619778311 0.9800486616461911 0.9633689318796684 0.9218009922440992 0.8464335855862136 0.7148954016090218 0.5121299380459845
235 2350 0.04352612441525729 0 0.1189496922655716 0.9938813067012242 0.9900341403428407 0.9805065713444494 0.9692187912702941 0.9343329140901466 0.8652114851488164 0.74037177436241 0.5406509474250213
236 2360 0.04450203572816064 0 0.1125438513387853 0.9944200979434222 0.9882929755858385 0.9821792987848812 0.9717123903080744 0.9368612601591689 0.8697854120656189 0.748588505951864 0.5570021366818474
237 2370 0.04860679250659551 0 0.09068588853883724 0.9943270079348019 0.9880243829727618 0.9823176967501704 0.9685498987038191 0.9373828937523089 0.8773095561361127 0.7608907640081023 0.5785362138377012
238 2380 0.051950138665804065 0 0.08046839380859427 0.9939314035144913 0.9904691201846204 0.9806077436068632 0.9650112076494365 0.9376064631994095 0.877749845468622 0.7695358889537086 0.5896753705058165
239 2390 0.0527916049729006 0 0.09783765981418685 0.9914203358213576 0.990525300327505 0.9841910294720125 0.9642677693345012 0.9294775872121738 0.8685696673978868 0.7517789691977063 0.5679989329412815
240 2400 0.05018407440898275 0 0.10531954937893971 0.9918247374752106 0.9853076203055507 0.9773544282953822 0.9631803166370101 0.9321175599111031 0.8675986463840237 0.7473877330986467 0.5623718891603824
241 2410 0.044495420649252375 0 0.09021873042380503 0.9939993246124479 0.9907465296466437 0.9866556912976879 0.9720750426163293 0.9496687781109591 0.8951637191396755 0.7894797451651749 0.6148969342686781
242 2420 0.04307900951789946 0 0.09537104428629598 0.9982542235436288 0.9897076285847315 0.9803120117545698 0.9711235147288054 0.9424052716898285 0.8825091033593996 0.7765554759977288 0.6121810089704187
243 2430 0.03597389907693325 0 0.09474105739134403 0.9982428459807929 0.9887924902507944 0.9788341373612224 0.9619835270143837 0.9325201976496638 0.87108454989338 0.7593440560443789 0.5793975428773463
244 2440 0.037914537976517906 0 0.08716771451096605 0.9959603006649275 0.9926189693310016 0.9843801171259126 0.9656188707578273 0.9382224438562942 0.8776564522369641 0.7809470196261151 0.6051834477655508
245 2450 0.039300352260909464 0 0.08669020251886425 0.9936833451972654 0.9923379048652254 0.9841515408147687 0.9644204404259551 0.9359465924161632 0.8778273171913797 0.7766040573881093 0.5963378095570322
246 2460 0.037218903438056866 0 0.07004408837930137 0.9946783028998264 0.9928633478124953 0.9835101469336929 0.9682608047779828 0.9381757449283608 0.8830319974289876 0.7833357933344685 0.6152663074176999
247 2470 0.03579189318702538 0 0.06617945168920591 0.9954687458787934 0.9927909042937751 0.9865569166387521 0.9746347196734625 0.9471518127538102 0.889698913139873 0.7957257841363689 0.6326494578069931
248 2480 0.03460631115898391 0 0.06631531288388892 0.9929648915619121 0.9906385957030661 0.9837819876888515 0.9701551312864055 0.9425278938182053 0.8918948909814057 0.7925069552719772 0.624358028500185
249 2490 0.0337185596996553 0 0.05841099684662934 0.9963010044337929 0.995154658335534 0.9871813699021519 0.9746666418107295 0.9503761336519118 0.8998432452810017 0.8107813024761328 0.6493885513860728
250 2500 0.03640430030314913 0 0.05645172631552454 0.9984760919833372 0.9957208948424369 0.988786329103503 0.9792075489610319 0.9586448669248875 0.9119674297645538 0.8257827804345005 0.6738341041760275
251 2510 0.03689940644445973 0 0.05732047487146341 0.9960428471169965 0.9922182287731449 0.9881772912098993 0.9772052581883648 0.9495406711510465 0.898519315976602 0.8054610675134416 0.6503987378082847
252 2520 0.037340576412773226 0 0.05925110315885577 0.9965431263411567 0.9928488332572151 0.9902481162815666 0.9761247013053874 0.9567967250955859 0.9092922542926236 0.8205026134266706 0.6679177773578029
253 2530 0.03780296414495087 0 0.053697754972804795 0.996014159162221 0.9926611699411492 0.9867394176996159 0.9785164261066637 0.9547446610797257 0.9125697513655712 0.8238169258018624 0.675903461271389
254 2540 0.03939970941317689 0 0.044788851100645795 0.9951757928862792 0.9948840537482314 0.9917651442471255 0.9784770275378403 0.9569964766300985 0.9192895607311968 0.8426085129079214 0.7035044878376554
255 2550 0.040674869534422085 0 0.044323742598454285 0.9988478620346378 0.9974706512563584 0.9934088450530695 0.9804633176721599 0.9602166126102254 0.9214367557406312 0.8426590491202676 0.7047704760242659
256 2560 0.04010791217844918 0 0.03921516524502132 0.9970568531514683 0.9960403233241314 0.9908080088423987 0.9825027852677674 0.9597899442736737 0.920380302277044 0.8423932042144779 0.7087604217344992
257 2570 0.04463101151599385 0 0.0422817906110006 1.0016532713433888 0.9965998873405421 0.9927724565179469 0.9842294886935647 0.9613500826266629 0.9298153000234805 0.8599213705552046 0.7416899098589984
258 2580 0.052106737447270346 0 0.033743982364860425 1.0017316050418146 0.9998884468256232 0.9958296450459617 0.9875626002568118 0.9696748510664253 0.9407825535338815 0.8801542161470624 0.7678431180061749
259 2590 0.05465016335588501 0 0.022637170935275345 1.001878350375291 0.9988587557586898 0.9941681115473252 0.9865161681075741 0.971440909716243 0.9458958232776173 0.8904095840044087 0.7929659670114071
260 2600 0.053714965945671794 0 0.028050745451517596 0.9998401997042858 0.9977097441810399 0.9930666019569602 0.9836786975281075 0.9653142325278932 0.9402838558274118 0.8856307259861759 0.7863647048880307
261 2610 0.05109710816016617 0 0.02719378089077707 1.0025669821238132 1.0010246405925265 0.9941781607624155 0.98440490366431 0.9712426607862187 0.9459185587496731 0.892436567208 0.7984640991841006
262 2620 0.04781797029954566 0 0.023374206520528774 1.0005874605496548 0.9968799474551429 0.9934187480176191 0.9835605858811924 0.9699865164316881 0.938905561288831 0.8839439932416138 0.7794820930674913
263 2630 0.04511940007483208 0 0.02055065109786714 0.9992131659967122 0.9978206169750823 0.99471631417988 0.9850992593154153 0.9705713062048589 0.9419330650653326 0.8851689880810786 0.7855617749100656
264 2640 0.04822924189679303 0 0.02113500024903922 1.0022089623748618 0.999345895670437 0.9933794797800806 0.987150288893286 0.980705544114886 0.9574575573090285 0.9186788772092249 0.8463515973199023
265 2650 0.04881364016666641 0 0.026299409136553833 0.9998170817940667 0.9966024125390442 0.9909887447462904 0.98448085048649 0.9793203496797861 0.9639524143256321 0.9283737355416846 0.8552333103939833
266 2660 0.05046889186363572 0 0.017845847787060082 0.9976034544088375 0.9960123471025141 0.9945920993363688 0.9884970999871625 0.9727216249521157 0.9516334113146607 0.9074509688329878 0.8235676121779999
267 2670 0.058617494897665226 0 0.01440043690265721 0.9971985708090911 1.0002048861869015 1.0006003729693145 0.997542449362323 0.9945914639232143 0.9892298959669261 0.9702520922904626 0.9372702577384062
268 2680 0.06032555744491101 0 0.02371266132850685 1.0007704459021463 1.002404776225407 1.0012470045375728 0.9991612594178801 0.9901131734365904 0.9849159946451626 0.9602883211075854 0.9190787961549095
269 2690 0.060557959356084386 0 0.021801614858525737 0.9974851536977599 0.9943637166162649 0.9990376961280583 0.994552636141851 0.9830887303959446 0.9682819183182908 0.939256060455249 0.884724734054981
270 2700 0.062480065605831935 0 0.02308365273416151 0.9989435982749798 0.9934370839024534 0.9983051534274796 0.9931028921089626 0.9896696809076421 0.980612187006066 0.9615921866276271 0.9187045945388218
271 2710 0.057396678103094206 0 0.02587921453560498 0.9984200765639509 0.9960408348743695 0.9946883569054096 0.9903019263342541 0.9755842672206203 0.9531154073886482 0.9191657879725672 0.8413035231853028
272 2720 0.049931345693262186 0 0.022776551960752255 0.9973575185553736 0.9937286318347641 0.9911871268274404 0.991149705888878 0.9784496712904698 0.9560515594210639 0.9192295955807916 0.8464483093685241
273 2730 0.04474150487285662 0 0.01398954426379842 0.9980445427072093 0.9968749037824972 0.9970609801175254 0.994763097193694 0.9830932704683016 0.9651986072381463 0.9360034944847228 0.873121451180251
274 2740 0.041970685993120954 0 0.012315828475297632 0.9992688822970336 0.9982538805583923 0.9971881363939408 0.9963910577790147 0.9861149713873297 0.9762562681124266 0.9579002863558279 0.9143379907646803
275 2750 0.03918828819382583 0 0.011866180992366342 0.9987739696356351 0.9985951171675935 0.9943027675105034 0.9918944662140148 0.9812344938071272 0.9617217347723821 0.9281859620944022 0.8645355081172874
276 2760 0.03695205269492632 0 0.006121065779036192 0.9985914034423987 0.9989953104874453 0.9968716934012847 0.9931477916580659 0.9849978143826654 0.970855009087516 0.9400062543337213 0.884109469612563
277 2770 0.03304513689492732 0 0.009637904615322018 0.9979651425285762 0.9981913828439737 0.997542167062991 0.9959792387065718 0.9863886121481052 0.9759663925118 0.9527271211414733 0.9033747970267973
278 2780 0.029448802279407375 0 0.009270960977769499 0.9980508734581877 0.9985632161211038 0.9992927924562015 0.9976810960376232 0.991835632078422 0.9860639105207035 0.9663712361618403 0.9301539035253552
279 2790 0.028179841604149984 0 0.004132358610800211 0.9992420886127114 0.9994068069038281 0.9973660067709134 0.9939145520178951 0.9885213950867636 0.9788657882700789 0.9576828894064766 0.9139908127311253
280 2800 0.02784466102769617 0 0.0037877329199936935 0.9981480083460744 0.9991874915408278 0.9976192323446447 0.9952443192499014 0.9894248505087525 0.9790005558997646 0.9580348417802594 0.9157925909222577
281 2810 0.02752725564210645 0 0.002908390613745782 0.9989132262041857 0.9983944121055898 0.9977495774515608 0.9961271216208457 0.9899783494924166 0.9798240650824167 0.9596394521025868 0.920292879971414
282 2820 0.026146880441517143 0 0.004563186281247634 0.9986879972117925 0.9987205775789649 0.9975136956088095 0.9968319473881772 0.9900046718464908 0.9815607531561638 0.9663127522144127 0.9327875478187108
283 2830 0.02506580389738693 0 0.004323576562463991 0.9996982329854887 0.9988683860241919 0.9972813171352305 0.9960268104831609 0.9898325747713056 0.9803355713559534 0.9626169263249132 0.9229233632698753
284 2840 0.023666444726459526 0 0.003864227851701987 0.9998037951788927 0.9980540284286702 0.9978391529959568 0.9969830788633222 0.9930912576029263 0.9835317830378056 0.9680584721625471 0.934071275995363
285 2850 0.022660356526219595 0 0.003559946755782021 0.9992289924141708 0.998607014527109 0.9971217997707695 0.9957854213854234 0.9893431571916714 0.9775506820538855 0.9553029115373045 0.9128922929899738
286 2860 0.02151658509346809 0 0.003008877947277004 1.0008420075649875 1.0001371083210657 0.9988429521740501 0.9970412189269152 0.9939027310917306 0.9848409452763014 0.9694850332430656 0.9379237432782824
287 2870 0.019365984956289835 0 0.002233821213255872 0.9997458551510273 0.9993413403864511 0.9978816131068902 0.9972120413819628 0.9940895848525912 0.9869909705548044 0.974564066709705 0.9467478636196838
288 2880 0.01713101217108913 0 0.0024541443506258193 1.000521188567308 1.0001227259993417 0.9987359414714008 0.9972863056633572 0.9942560805720487 0.9865734379944406 0.9730855850993084 0.9440917078843082
289 2890 0.018024275411379676 0 0.0024149386747552024 0.9998669942135561 0.9985399981445552 0.9969139488559164 0.9954087403926463 0.9922270521890953 0.9871837974219538 0.9747019938397237 0.9485707609341598
290 2900 0.01698650714444787 0 0.001875385126404571 0.9999259688872776 0.9989390734147943 0.9974764591218819 0.9959135497586771 0.9936024023649573 0.9857347264564328 0.9728548392611347 0.9465883052740962
291 2910 0.01783622980355599 0 0.0020735409233103 1.0003039371832458 0.9989957967750149 0.9982858089779686 0.9960505662180692 0.9947228188004545 0.9916058703452254 0.9839136253094768 0.9665789919896133
292 2920 0.01602618438318123 0 0.0017406955933136276 1.000817292574024 0.9995742101671876 0.9980747859980318 0.9965116414908777 0.9939320672199766 0.989071167009393 0.9771498521503037 0.9535902738303965
293 2930 0.0148659356131714 0 0.000891744235988147 0.9993604524075095 0.9993400533016251 0.9985256328145262 0.9971677352768269 0.9956649279330128 0.9917693717729019 0.9844151883562533 0.9674871608319594
294 2940 0.013437054328719519 0 0.0014413247989996493 0.9996507822596958 0.9990660147584858 0.9980331063678245 0.9972299337755969 0.9945543640078961 0.9892011888911629 0.9774444666851068 0.9531259401542179
295 2950 0.01310559399095544 0 0.0011222053653647966 0.9998112161912192 0.999179217380479 0.9981110146721697 0.9963823396158746 0.9948088791696479 0.9900693248154402 0.9813525852563005 0.9623577415622084
296 2960 0.012589738683609582 0 0.0009126204347547353 0.9995435856843546 0.9986894025436023 0.9983413945567186 0.9974219390451485 0.9949269634231884 0.9889877085454317 0.978057782717059 0.9560480118316294
297 2970 0.011671802873405551 0 0.0010471568737419423 0.999988453967192 0.9992736921844392 0.9986537320676796 0.9970183930402937 0.9935685690170701 0.9886730444512628 0.9769860097302814 0.9547774713844313
298 2980 0.01117473116224457 0 0.0006573396252657823 0.9995618608916099 0.9992972118649486 0.9984907530810139 0.9978890942606609 0.9953541334522683 0.990396494378273 0.980312962910957 0.9609625094521209
299 2990 0.010180534959349542 0 0.0006037890891628478 0.9998553566633467 0.9995116831730471 0.9990137983675412 0.9979472512365369 0.9956774903022447 0.9906622144170091 0.980663368208808 0.9615448246945838
300 3000 0.010976826225771423 0 0.0004853063438131719 0.9993297774467008 0.999145480888755 0.998788001191614 0.9976722574289492 0.9956112981790258 0.9919723944202331 0.983613816622252 0.9675269683451644
301 3010 0.011302507346723228 0 0.00037050252561993276 0.9996369586146955 0.9990891657708155 0.9990353487682974 0.9983376149011692 0.9970722434106761 0.9941201217912642 0.987592668847529 0.9748620239545931
302 3020 0.013178456831545624 0 0.00046394822606986015 1.0001412308052078 0.9999122075532457 0.9999982246117534 0.9989455700828526 0.9971145720663763 0.9950043380677255 0.9895897668927239 0.9785462950796854
303 3030 0.01340077443055782 0 0.000687291653730578 0.9993769438618904 0.9995642901988119 0.9999158358002418 0.998811409336223 0.9968452746435837 0.9950832061491455 0.9894779670630187 0.9793146727837486
304 3040 0.012579028578269966 0 0.00040733148611791256 0.9997306439676166 0.9998834130443066 0.9999578070807447 0.9991105235880946 0.9976115766449968 0.9943824681589427 0.9884227094729804 0.9764692609863257
305 3050 0.012052011549562874 0 0.0003837295806525608 0.999792309223961 1.0002952739953295 0.9999288686157403 0.9987248180218719 0.9975255044997695 0.9954110393855762 0.9903363668684994 0.9807638371447884
306 3060 0.011467298324221222 0 0.0003248039321689043 0.9997851300095443 0.9999743310262275 0.9995749122458945 0.9984953939112088 0.9976036841964875 0.9952182806507643 0.990208156557204 0.9814126239562287
307 3070 0.011251880830714395 0 0.00041480644442100367 1.0001144725764834 1.00013128354197 0.9991826205592537 0.998421800775426 0.9971086012775329 0.9954008721285443 0.991506634989587 0.9831395453937558
308 3080 0.00975922682017579 0 0.0002379406254183417 1.0001037416649314 0.9998903527225722 0.9994454960645095 0.9986318493953965 0.9975141189885822 0.9952557609798118 0.98993729435325 0.9805333429223545
309 3090 0.00887775044604387 0 0.00016686311065015682 0.9998588202862799 0.9997843028864664 0.9996649168278451 0.9991142963179726 0.9983749344880442 0.9978230238667075 0.9954229790598502 0.990556406626902
310 3100 0.008142196342021785 0 0.0002561336309854557 0.9999844766314134 0.9996079824138908 0.9996135999828268 0.999097986852401 0.9985714020741886 0.9980457955919242 0.996346932275675 0.9916884931579929
311 3110 0.007951221277823012 0 0.0001328482543663412 0.9998843528044336 1.0000902456524494 0.999943721779444 0.9992510395395586 0.9987905358504116 0.9981239169201411 0.99670522842158 0.9932878670965274
312 3120 0.008637944946114768 0 8.905369886649701e-05 0.9997540964006361 0.9997886513142791 0.9999882338406618 0.9996944601548392 0.9997388432632165 0.9990065963173224 0.9976610302263057 0.9951625226822471
313 3130 0.008740305666654749 0 7.125628528382359e-05 0.999860793285332 0.9999194249386344 1.0000388169466596 1.000161432033742 0.9998882474766838 0.9996054465134039 0.9991998185670714 0.9977682146842153
314 3140 0.008465651152164742 0 8.44059497325929e-05 0.9999306034286635 0.9997207568938995 0.9994866890948735 0.9994112760407506 0.999334365520777 0.9987188252332065 0.9979372713436766 0.9956587857433589
315 3150 0.00808357383340984 0 0.00011190703267607495 0.9996136039027187 0.9996542885798665 0.9994106293925473 0.9992089930630154 0.9985579515508476 0.9969607362899074 0.9944109320845822 0.9891053392015591
316 3160 0.007237104753099941 0 3.429873474367206e-05 1.0000594559338758 0.9999769431966196 0.9999793801033889 0.9999622337773345 0.9999585425067747 0.9999696688770029 1.0004962423656545 1.0010672530217455
317 3170 0.006951150576017961 0 8.815583644029935e-05 0.9999467376479201 1.000250114518918 1.0003930959709693 1.0002138799214528 1.000193098350714 1.0003861531605804 1.0012807266594093 1.002847363913262
318 3180 0.006683008728687496 0 4.78016496926733e-05 1.000018928163689 0.999900111779947 1.0000860230966342 1.0000684210967785 1.0005039037850783 1.000686336384399 1.0014678673796584 1.002637228762804
319 3190 0.005916033523197856 0 5.905173016884661e-05 0.9999217702325217 1.0001254322438358 1.0001718251654794 0.99979650493975 0.9993136966335588 0.9988364984738305 0.9975968786096264 0.9951693124124679
320 3200 0.005189822563124902 0 3.789858837649708e-05 0.9999793683997494 1.0000665043888766 1.0000455187132136 0.9999622176467048 0.999706585471636 0.9992000820348582 0.9988086753365382 0.9978684183000902
321 3210 0.0047531102707354805 0 2.9266595012685408e-05 0.9998307446038912 0.9997960303995381 0.9999190289953169 0.9997992084769068 0.9998288554048941 0.9995807693059503 0.999054111546195 0.9983979544654372
322 3220 0.004652438232393044 0 9.569930869497792e-06 0.9999445160742618 0.9998887441010891 0.9999628497064957 1.0000119574376805 1.0000136373040738 0.9999727603082637 0.9999112883897698 1.0000448403306275
323 3230 0.0041474829612747335 0 3.667858274104903e-05 0.9999274296823207 0.999688541106355 0.999766122251719 0.999843572008621 0.9998668271551784 0.9995370178206947 0.9991198967179106 0.9983182855607869
324 3240 0.0036085260741800804 0 9.902347600019382e-06 0.9999045677256099 0.9999574947720727 0.9999189767118078 0.9998248893704481 0.9997841417958291 0.9995786205603823 0.9993578458450181 0.9986081214783733
325 3250 0.0032211709788334576 0 1.0318672964516217e-05 1.0001134133624296 1.0000132046591668 1.0000136259253167 0.9999442042996678 1.0000262027103775 0.9999266699546855 0.9999597363243087 0.9998551990752904
326 3260 0.002967789800638015 0 8.243916559675092e-06 0.9999672339875337 0.9999875900278239 1.0000230385616753 0.999990261932684 1.000046043404921 0.9998990860296955 0.9999689131790706 0.9998797901938612
327 3270 0.00297828945469307 0 5.0107177621278545e-06 0.9999670787496642 1.0000340926915554 1.0000746162850016 1.0001948317958447 1.0002608039206957 1.000521408587805 1.0010215226644792 1.0021255061342729
328 3280 0.0029586505406271084 0 7.906705181678374e-06 1.0000312275664416 1.0000780639249214 1.000072619105127 1.000065248128857 1.0000913435750876 1.0003543317282597 1.0007926280500192 1.0014457391616043
329 3290 0.0027036008707342863 0 6.455478493717979e-06 1.000075441309372 1.0000740841062146 1.0000633766805984 1.0001199780755539 1.0002010688369105 1.000373470078023 1.0008724342805198 1.0015918060643736
330 3300 0.002559655343172231 0 4.66213694009645e-06 1.0000961905440113 1.0000773345101361 1.0001144614681208 1.00012604933145 1.0001222284419393 1.0002451723130392 1.0004822869670813 1.000991736103065
331 3310 0.0021659468066631453 0 2.8096352983599154e-06 0.9999975220753359 1.0000464332318524 1.0000623546186995 1.0000405250638777 1.0000581035417384 1.0001017425615466 1.0003265093088847 1.0006701002862322
332 3320 0.002071098526110767 0 1.7831129805643048e-06 0.9999867702692888 0.9999867443494276 1.0000089662936296 0.9999979779655361 1.0000293329298724 1.0001450238160818 1.0002090898770366 1.0004037197004378
333 3330 0.001964860121207631 0 3.4439972502806694e-06 0.9999603644902636 0.999930344117467 0.999967811401423 0.9999912466839328 0.9998961389258055 0.9997815103437796 0.9996058225856181 0.9993021540838384
334 3340 0.0017535834768312377 0 2.622688849528757e-06 1.0000652127753626 1.0000338621703193 1.0000228887031914 0.9999586575616908 0.9999127958364901 0.9999052615962236 0.9998117249011576 0.9996051348003093
335 3350 0.001513189451451513 0 1.6441823342696067e-06 1.0000580488734179 1.000027715445007 1.0000088368293074 1.0000282150424862 1.0000051052269263 1.000026969541316 1.0000992137866611 1.0002334601154834
336 3360 0.0013082698681368377 0 1.9595448465043983e-06 0.9999916351006238 0.9999768653775273 0.9999595262070412 0.9999391730498717 0.9998938548954108 0.9998981174281347 0.9998749338387589 0.9997578890518307
337 3370 0.0011619427277260084 0 1.786733980291685e-06 0.9999957407116556 0.9999545596296578 0.9999255869798487 0.9999457332039259 0.9998976490573003 0.9998313875207675 0.9997172988279507 0.9994757758313247
338 3380 0.0010499470167948464 0 6.359125722914865e-07 0.9999953484916143 0.9999715167181075 0.9999556329371477 0.9999393109037483 0.9998759937649195 0.9997996506008374 0.9996268167978271 0.9992549112953638
339 3390 0.0009318685318951447 0 1.2988091895634505e-06 0.9999935795592092 0.9999478877239776 0.9999583386676907 0.9999659000992831 0.9999726409644432 0.9999962415866374 0.999967458723811 0.9999469036214258
340 3400 0.0008392449096110096 0 8.186538040047759e-07 1.0000160882840818 0.9999769700148822 0.9999595451464622 0.9999623756234092 0.9999248988231716 0.999898836852749 0.9998093088174912 0.9996302133943664
341 3410 0.0007481162867109605 0 7.07917233799946e-07 1.0000012075697493 0.9999740846328375 0.9999720118336815 0.9999559359320893 0.9999666225879247 0.9999791650306965 0.9999652896211837 0.9999118631854557
342 3420 0.0006866748486576997 0 3.6984861709931727e-07 0.9999955246348067 0.9999838807501409 0.9999769526173532 0.9999760280542749 0.9999486553804419 0.9999438941195414 0.9998853632208766 0.9997446074593869
343 3430 0.0007164855532502167 0 2.998569644793355e-07 0.9999966979136552 0.9999892223302077 0.9999715778961735 0.9999631618364638 0.9999125817804786 0.9998391034923622 0.9996544401073176 0.9993146895026737
344 3440 0.0007119121773654684 0 2.644520545907205e-07 0.9999836510474127 0.9999736387535574 0.9999685922303495 0.9999773582218677 0.9999627824271724 0.9999367982664831 0.9998647373184235 0.9997272356515585
345 3450 0.0006837809006315176 0 4.2893229934620766e-07 0.9999951220237476 0.9999819594400671 0.9999619515688677 0.9999629872897342 0.9999187531133799 0.9998103849663994 0.9996281114339083 0.9992535920124127
346 3460 0.000604782319968873 0 2.154463749887355e-07 0.9999991010379676 0.9999825884963153 0.9999745976081672 0.9999843507914413 0.9999648599962198 0.9999404123941942 0.9998661562215704 0.9997306574398456
347 3470 0.0006124898477235897 0 2.7032294642150895e-07 0.9999899537124334 0.9999828480503797 0.9999843158318361 1.0000008756489094 1.0000076135452804 1.0000425689510763 1.0000948308384565 1.0002074845455846
348 3480 0.0006012351403101465 0 2.290629440369144e-07 0.9999903645870072 0.9999880697020183 0.9999947048598296 1.0000005106383187 0.9999893095990129 1.0000021471534284 1.0000262918311504 1.0000767400352721
349 3490 0.0005322450175005194 0 1.282596800091705e-07 0.999992937661242 0.9999910358159295 1.0000000917456995 1.000012254911321 1.0000170225982559 1.0000436544164872 1.0001079324099695 1.0002074724746397
350 3500 0.0005190586458408489 0 9.366533833011946e-08 0.9999902878485467 0.999991348068665 0.9999919663918733 1.0000063038250855 1.000015690994807 1.000042604441416 1.0000825723819056 1.000165679960603
351 3510 0.0004806378640950097 0 4.202541114053645e-08 0.9999991694862809 0.9999976363090767 0.9999962790124619 0.9999977938387082 1.0000113994025521 1.0000313070875777 1.00005970835597 1.0001230922982656
352 3520 0.0004294189162857557 0 4.6956538735423194e-08 0.9999972546311924 0.9999963999886102 1.000002442600575 1.0000032622758976 1.000013828800682 1.0000351030591688 1.000081748229457 1.0001703564298845
353 3530 0.0004282632859832429 0 9.378237886312031e-08 1.0000090123582521 1.0000032554784009 1.0000039234820393 1.0000011216321072 1.0000115866030763 1.0000040758521584 1.0000074404512715 1.0000003172787455
354 3540 0.00038182218183676985 0 6.14589729608975e-08 0.9999995799130261 1.0000066721763938 1.0000099119767294 1.0000125699597788 1.000027541327332 1.0000607031942375 1.0001321543768669 1.0002534233889577
355 3550 0.0003770978989100017 0 5.015568614394316e-08 1.0000030191796871 1.000007153012061 1.0000032635736686 0.9999960805680688 0.9999898949446377 0.9999721635489416 0.9999567475802809 0.9999183300879917
356 3560 0.0003542758493796686 0 6.639101535939457e-08 0.9999931979045099 0.9999958198023534 0.9999997537246568 0.9999968092051494 0.9999891454059753 0.9999745929088661 0.9999509664328671 0.9998811335270822
357 3570 0.0003466458145738777 0 6.554360777606769e-08 0.9999976167099065 0.9999934026302603 1.0000045903803874 0.9999975898580258 1.000000483426181 0.9999986280629798 0.9999903976461088 0.9999698828341004
358 3580 0.0003165959163974173 0 4.3673188539387276e-08 1.000000490104991 0.9999996778955265 1.000009231822245 1.0000062536174548 1.0000160884251228 1.0000236301788696 1.0000458535534196 1.0000833358464087
359 3590 0.00028102331550429184 0 2.201875164611972e-08 1.0000001530986105 1.0000016691725289 1.0000025407320778 0.9999960782987026 1.000003169595661 1.0000080930614732 1.000014397314812 1.0000312443104489
360 3600 0.00025569441138191665 0 2.3202363387545242e-08 0.9999978390016777 0.9999987574895126 0.9999980787013033 1.0000015793374635 1.000011354244415 1.0000191460275576 1.00002883125379 1.0000544914395308
361 3610 0.00023045866841949966 0 2.1617061106519003e-08 0.9999989467064709 1.0000044932278591 1.0000049783015033 1.000000690385195 1.0000057226271661 1.0000164659108701 1.0000308126657322 1.0000586037873425
362 3620 0.00021601140572939905 0 6.586650688040232e-09 1.0000008631435726 0.9999995518602929 0.9999992036245601 0.9999981660056035 1.0000031408196741 1.0000043479878358 1.0000114653037755 1.0000216459900102
363 3630 0.00020742005598407308 0 1.0987475016307434e-08 0.9999995326831606 0.9999986207203309 0.9999954704536084 0.9999906018219367 0.999988671182386 0.9999799041880751 0.9999583838400725 0.999921049549832
364 3640 0.0002010418058733214 0 1.6215831534756586e-08 0.9999987108787759 0.9999987917111467 0.9999926293320245 0.9999900854942968 0.9999832260915972 0.9999659715032281 0.9999386812751233 0.9998793505914778
365 3650 0.00019749641938894487 0 4.3945494666959815e-09 0.9999979838539665 0.9999969196300164 0.999995609234623 0.9999940818085412 0.9999886783358698 0.9999772444504468 0.9999545918247178 0.999911099454187
366 3660 0.00018612701272551854 0 1.3566595154737172e-08 1.0000004519402734 0.999996234500219 0.999998357629493 0.9999970085888695 0.9999925114496562 0.9999783095894694 0.999955301288141 0.9999084783462392
367 3670 0.0001648923523319665 0 8.336628943603992e-09 0.9999988085622975 0.9999981636289771 0.9999969464556491 0.9999960323258955 0.9999872789238207 0.9999713571826735 0.9999417586010649 0.9998834767601107
368 3680 0.0001555668104585116 0 8.665741209851814e-09 1.0000002033692559 0.999998762631733 1.0000010564250006 1.000002024192577 1.0000029342217085 1.000009828240996 1.0000143848684113 1.0000239144309078
369 3690 0.00013716546487255808 0 7.249631640094545e-09 1.0000014996585245 1.000001019943193 1.0000039837871746 1.0000024966906529 0.9999997564487724 0.9999972862633155 0.9999954044386161 0.9999896890574671
370 3700 0.00012124322573268671 0 4.255631260339094e-09 1.0000007458921532 1.0000006037177476 0.9999999027202777 0.9999994815649423 0.9999960064873242 0.9999874695164653 0.9999739189329362 0.9999488339505268
371 3710 0.00011902408584033834 0 1.8947699946331426e-09 1.000000647486328 1.0000015130755877 0.999999696707376 0.9999994410746825 0.9999988738405001 0.9999960279309107 0.9999910049675378 0.9999836652896243
372 3720 0.00010923073747325714 0 2.699122424204657e-09 0.9999999491281917 1.0000005281382944 0.999999227977772 0.9999978175839365 0.9999975292322595 0.9999940539764078 0.999984249700912 0.9999678595698717
373 3730 0.00010542594246450702 0 3.2938389597901114e-09 1.0000005469775561 1.0000027204479571 1.0000024278341006 1.0000048683783942 1.000008083475847 1.000017514646108 1.0000340660145508 1.0000683260785392
374 3740 9.562815391679707e-05 0 3.289211696009389e-09 1.000000322788875 1.0000017514022919 1.00000159026321 0.9999995488092233 0.9999967669851337 0.9999926306732516 0.9999832034532963 0.9999655065137643
375 3750 8.953703752508935e-05 0 5.974128541481081e-10 0.999999201971147 0.9999991635691959 0.9999995253484978 0.9999986250606802 0.9999970679569405 0.9999950384731592 0.999988963538314 0.9999775985398993
376 3760 8.51622160419156e-05 0 1.2031532046936897e-09 1.0000012544099028 1.000001057403978 1.0000002620598352 0.9999991847065823 0.9999976513164717 0.9999967267783921 0.9999925956142672 0.9999843706204337
377 3770 7.98992052935925e-05 0 1.8400498060157455e-09 1.0000004752267653 1.000001586674362 0.99999987059095 1.000000590892824 1.000002256389186 1.0000043343877763 1.0000086310743779 1.0000152219688339
378 3780 7.302416467959533e-05 0 9.646295364379703e-10 1.0000001638033456 1.0000006298096862 0.9999991448055823 0.999998993292946 0.9999991678922912 0.9999978736864614 0.9999950170112278 0.9999914910267464
379 3790 7.010713767399013e-05 0 3.403566956078294e-10 0.9999998846671584 0.9999992671276615 0.9999991210167631 0.9999984723756892 0.9999980301530937 0.9999963613751456 0.9999934853940994 0.9999874918932394
380 3800 6.932578679509092e-05 0 6.652048879703174e-10 1.0000000338440336 0.9999999662265158 1.0000010848654148 1.000001447680967 1.0000028631002162 1.0000051319105856 1.0000118904333464 1.0000238014356608
381 3810 5.869106415318758e-05 0 2.9614720440959566e-10 0.9999995599446956 0.999999372865681 0.9999992694998171 0.9999989415195488 0.9999988263226951 0.9999985754111461 0.9999977940691493 0.9999951398800011
382 3820 5.6053426241525704e-05 0 5.881163335457484e-10 0.9999990825173652 0.999999929642891 1.000000299352332 1.000000617605686 0.9999997437664474 1.000000039881648 1.0000002216965034 1.0000003468340457
383 3830 5.190414889603534e-05 0 5.501328528243338e-10 0.9999990065240072 0.9999991368244383 0.9999994566192923 0.9999996884810265 1.0000000298405143 1.0000006489966498 1.000000638770135 1.0000022777286588
384 3840 4.748557840347482e-05 0 6.188150263446444e-10 0.9999992278207548 0.9999995464476371 1.0000006444811682 1.0000010093357155 1.000001591488221 1.0000037654952383 1.0000085135601737 1.0000166937690598
385 3850 4.404682481606322e-05 0 5.203391812968355e-10 0.9999999025610337 0.9999998633897165 1.0000011305478005 1.0000009176794094 1.0000014786980638 1.0000023469737578 1.0000047237548875 1.0000102236606796
386 3860 3.90597768044853e-05 0 3.5440696462894275e-10 0.9999998974707414 0.9999999579687714 1.0000007118793695 1.0000014374187494 1.000002849985825 1.0000060839192288 1.0000112275114916 1.0000227923179112
387 3870 3.648383930678534e-05 0 1.9130856796150987e-10 1.000000461997471 1.0000005698721497 1.0000003737772536 1.0000005165251282 1.0000014466794707 1.000003052282323 1.0000056792854906 1.0000119280800108
388 3880 3.3444981040612394e-05 0 1.6061834170726096e-10 1.0000000611188278 1.000000313293326 1.000000238592148 1.0000005166203438 0.9999999484029769 1.0000002983760015 1.0000005131807457 1.0000012806499223
389 3890 2.865733444502164e-05 0 6.394096808207713e-11 0.9999999935743173 0.9999998188650444 0.9999998324728975 0.9999998949855192 1.000000038501583 1.0000005094119633 1.0000014179655818 1.0000031338477906
390 3900 2.550803056067933e-05 0 1.2728193576487759e-10 0.9999999609605725 1.0000003045468433 1.0000006081480017 1.0000006546475924 1.000001322841824 1.0000025875712226 1.000005783076363 1.0000114661384665
391 3910 2.218547390557616e-05 0 4.004424602162985e-11 1.0000000822359927 1.0000001253823059 1.0000004135140204 1.0000004320654008 1.0000008566355958 1.0000017904108327 1.0000034216472524 1.0000066857780212
392 3920 1.9991949843283798e-05 0 4.11653412953172e-11 0.9999998308411963 0.9999999218131339 0.9999996942732844 0.9999997132505578 0.9999996159237705 0.9999991851415775 0.9999987601418383 0.9999975448423467
393 3930 1.6881669571770885e-05 0 4.716183736467737e-11 1.0000000563599387 1.0000001648327579 1.0000003554417205 1.0000004826081235 1.0000007007770204 1.0000017629964615 1.0000037152843726 1.000007473105172
394 3940 1.479565014094517e-05 0 2.6842513016132715e-11 0.9999999592835475 1.0000000624388732 1.0000001026810579 1.0000003250867104 1.0000006541300188 1.0000013914336068 1.0000030966070161 1.000006110839152
395 3950 1.3891537990046212e-05 0 4.4389976867675175e-11 0.9999998724447962 0.9999998643948173 0.9999996342973421 0.9999997269697116 0.9999994132150062 0.9999991040697397 0.9999984067088139 0.999997043908963
396 3960 1.2597463658949906e-05 0 2.099821746913927e-11 0.9999999144430916 0.9999999448075128 0.9999998621025064 1.000000086401391 0.9999999711586652 1.0000000804178537 1.000000097576542 1.0000001769657694
397 3970 1.1265445527056809e-05 0 1.5087220216392478e-11 0.9999999586418186 1.0000000084247616 1.0000001080863152 1.0000001683435884 1.0000001960158493 1.000000597345013 1.0000012858400553 1.0000023696937033
398 3980 1.0380188170761964e-05 0 2.2998612868777433e-11 1.000000101370601 0.9999999280897448 0.9999998939781631 0.9999997797474166 0.9999996663085634 0.9999996508279199 0.9999993901562472 0.9999989407911483
399 3990 1.0213629186072704e-05 0 1.4273367111963818e-11 1.0000000798662325 0.9999999499789586 0.9999999896970183 1.0000000139847618 1.0000001198146866 1.0000004002974425 1.0000005794102618 1.0000011922890772
400 4000 9.829443180640925e-06 0 1.2234019954062098e-11 1.0000000838304137 0.9999999704631931 0.9999999300945522 1.000000027456014 1.0000000560675026 1.000000225557839 1.000000267313685 1.000000620174551
401 4010 8.7627994660259e-06 0 6.182774719466827e-12 0.9999999478235596 0.9999999106994711 0.9999999798394644 0.9999999356122348 0.999999820469736 0.999999713993062 0.9999993294769361 0.9999987708150173
402 4020 8.300057491998357e-06 0 4.33128907404253e-12 0.9999999640182856 0.9999999921224508 1.0000000095724346 0.9999999751144771 0.9999998200561485 0.9999997156194457 0.9999994678840503 0.999999028784051
403 4030 8.165517257907609e-06 0 7.675596863397926e-12 1.000000029796353 0.9999999978053149 0.9999999631593672 0.9999998600246309 0.9999997203971093 0.9999995062396475 0.9999992374874808 0.9999984173036139
404 4040 7.238782983189848e-06 0 3.748608402258222e-12 0.9999999847960259 1.0000000289495334 1.000000083579825 1.00000006080241 1.000000081994591 1.000000249995757 1.00000055253057 1.0000010250468583
405 4050 6.5619257113782896e-06 0 4.868897072730238e-12 0.9999999217966811 0.9999999864268154 1.0000000284038089 1.000000065559547 1.0000001160447471 1.0000002635691794 1.000000616351123 1.0000011268453557
406 4060 5.922695471678528e-06 0 4.55025521731829e-12 0.9999999500475869 0.9999999536054688 0.9999999737546819 0.9999998417929337 0.9999997150197423 0.9999994970529544 0.9999990860302592 0.9999981387824564
407 4070 5.660351884754409e-06 0 2.240500370456084e-12 0.9999999648512775 0.9999999371482737 0.9999999376520875 0.9999998829098883 0.9999998812895885 0.9999997987484767 0.9999995855598751 0.9999991394587934
408 4080 5.339755334408175e-06 0 4.662034892414122e-12 0.9999999860050341 0.9999999339251728 0.9999999687047719 0.9999999706129814 0.9999999459772443 1.0000000163486602 1.0000001152634088 1.0000001239744822
409 4090 4.544800668401411e-06 0 2.182434421932704e-12 0.9999999879088516 0.9999999493668063 0.9999999696177329 0.9999999370828225 0.999999933373742 0.9999999612510122 0.9999999521035781 0.9999998529775352
410 4100 4.342876294111205e-06 0 1.1579368809520573e-12 0.9999999832193613 1.000000012354737 0.9999999863533074 1.0000000021877906 1.000000010221561 1.00000009848586 1.0000002170800668 1.0000004392625408
411 4110 4.0175990256852205e-06 0 1.5544654254361822e-12 0.9999999755453544 0.9999999599775626 0.9999999867467092 0.9999999521718601 0.9999998577386321 0.9999997799847339 0.999999603687733 0.9999992060673993
412 4120 3.779590036896542e-06 0 8.566476052937083e-13 0.999999994185059 1.0000000340592314 1.000000029586521 1.0000000018276325 0.9999999783524216 0.9999999838527542 0.9999999827951446 0.9999999739482287
413 4130 3.304795904425823e-06 0 7.591678162277183e-13 0.999999976233481 0.9999999867221938 1.0000000300850558 1.0000000217782412 1.0000000396420134 1.0000000922562706 1.0000001800080638 1.0000003270585796
414 4140 2.8751910806142592e-06 0 1.0984384257956684e-12 1.0000000224700936 1.000000034153333 1.000000023930508 0.9999999698387767 0.9999999473426928 0.9999999333398758 0.9999998477922779 0.9999996717879148
415 4150 2.760496367993123e-06 0 5.114308322167219e-13 0.999999994382207 1.000000026089701 1.000000034100869 1.0000000423021724 1.0000000685729393 1.0000001109644903 1.0000001885685195 1.0000003668542
416 4160 2.8061717521369537e-06 0 3.7776767137701883e-13 1.0000000000199243 1.0000000075673392 1.0000000191770217 0.9999999952572705 1.000000006045211 0.9999999913979247 0.9999999629102096 0.9999999534462102
417 4170 2.949131407894924e-06 0 5.476301511387794e-13 0.9999999850724756 1.0000000053554035 1.0000000042366644 1.0000000316692357 1.0000000529003288 1.0000001061971713 1.0000002210220404 1.0000004952514379
418 4180 2.7539757211043233e-06 0 5.704312681292994e-13 0.9999999706558466 0.9999999787871171 0.9999999962080135 0.9999999958945106 1.0000000083124718 1.000000035562749 1.0000000254360115 1.0000000574150718
419 4190 2.4719613304380337e-06 0 6.139391707459711e-13 0.9999999897910687 0.9999999982171717 0.9999999997866945 1.0000000044532755 1.0000000353995877 1.0000000676002423 1.00000009247057 1.0000002403857646
420 4200 2.2139792360769673e-06 0 3.875270780353592e-13 0.9999999935425193 0.9999999896782203 0.9999999994080719 0.9999999809464271 0.9999999892587556 0.9999999384950796 0.9999999018350294 0.9999997974463752
421 4210 2.2718731828738963e-06 0 1.1190756026376689e-13 0.9999999967885703 1.0000000020401782 1.0000000019956188 1.0000000121220343 1.0000000030093876 1.0000000259342376 1.000000050455224 1.0000000912391382
422 4220 2.11332226622628e-06 0 1.883559786249168e-13 0.9999999934402471 1.0000000087169505 1.0000000133997724 1.0000000070922241 0.9999999880471702 0.9999999819944639 0.9999999796689549 0.9999999644321594
423 4230 1.924149320929902e-06 0 1.6901034594850496e-13 0.9999999929175973 1.000000003891546 0.9999999868147007 0.9999999821435727 0.9999999875642088 0.9999999655112647 0.9999999194784747 0.9999998382698588
424 4240 1.6826423320118005e-06 0 1.0873691426789709e-13 0.9999999978702178 1.0000000061510121 1.0000000060626495 1.0000000067873869 1.0000000197703152 1.000000019000698 1.0000000576823302 1.000000110683872
425 4250 1.5294545460032873e-06 0 1.484593614566205e-13 0.9999999878207864 0.9999999944580771 0.9999999903050452 0.9999999988935103 0.9999999945178186 0.9999999941240937 1.0000000156512372 1.00000003031502
426 4260 1.4745999424268689e-06 0 1.1727755925594586e-13 1.000000011467442 1.0000000101987596 1.0000000120454935 1.000000017657042 1.0000000455733793 1.000000071293537 1.0000001402833112 1.0000002696401211
427 4270 1.421860995499074e-06 0 7.783898692116004e-14 1.0000000051073594 1.0000000000735487 1.0000000032248082 1.0000000209214346 1.0000000418114088 1.000000086299705 1.0000001784501078 1.0000003565860414
428 4280 1.2345726448811598e-06 0 8.757109004408222e-14 1.0000000061380627 1.0000000076736155 1.0000000050310773 0.999999996483316 0.9999999896439965 0.9999999673431677 0.9999999526821867 0.9999998982453007
429 4290 1.047713548778597e-06 0 6.048509543029629e-14 1.000000006311239 1.0000000083947396 1.0000000113499448 1.0000000106194098 1.00000002616888 1.0000000506923832 1.0000001041770998 1.0000001931210936
430 4300 9.358186542384151e-07 0 5.679360019227431e-14 0.9999999993840588 0.9999999981329915 1.000000000762416 1.0000000066267292 1.0000000233394186 1.0000000394573338 1.000000092256625 1.0000001754144503
431 4310 8.377961356698356e-07 0 2.702938809161326e-14 0.9999999986291862 0.9999999957900094 0.9999999968466354 1.0000000034600107 1.0000000122078674 1.0000000164506717 1.000000031123817 1.0000000682600816
432 4320 7.78798588440131e-07 0 7.565329733748689e-15 1.0000000010449015 1.0000000008477787 1.0000000009631855 1.000000007007229 1.0000000099839639 1.0000000203175676 1.0000000421454782 1.0000000866795313
433 4330 6.811366127065861e-07 0 1.9607616591078174e-14 0.9999999978078017 0.9999999944813435 0.999999998636455 1.000000001927037 1.0000000090114047 1.0000000118591974 1.0000000213113778 1.0000000440357242
434 4340 6.380708434821161e-07 0 2.454521141559923e-14 0.9999999981583358 1.000000001713077 1.000000006123379 1.0000000124951272 1.0000000264093765 1.0000000461626637 1.0000000914293383 1.0000001759307153
434 4340 6.380708434821161e-07 0 2.454521141559923e-14 0.9999999981583358 1.000000001713077 1.000000006123379 1.0000000124951272 1.0000000264093765 1.0000000461626637 1.0000000914293383 1.0000001759307153
