% # columns="iteration, evaluation, sigma, axis ratio, bestever, best, median, worst objective function value, further objective values of best", seed=164562, Sat Jun 13 19:22:02 2020, <python>{}</python>
1 10 0.4327947315243792 1.0000437509570452 55.42593418632838 5.5425934186328377e+01 266.90140897642465 677.407861652112   
2 20 0.38399901172596007 1.1028039419274107 55.42593418632838 5.9418307144574868e+01 124.14043505141008 540.7814589549608   
3 30 0.34604956324998576 1.1636355420867455 55.42593418632838 6.7832990149048769e+01 154.76530935025457 228.61403277914027   
4 40 0.30378654694350127 1.2044755280436872 55.42593418632838 7.5932288652784209e+01 131.753727197433 289.6629731226694   
5 50 0.2732570403154829 1.2641301690632114 39.28324564210913 3.9283245642109129e+01 118.02816204357819 166.59485764685158   
6 60 0.2626275839695937 1.3300238787768657 36.30075547223276 3.6300755472232758e+01 78.1271660161567 301.49362728421437   
7 70 0.2410482344096791 1.40038123380284 18.282257886185015 1.8282257886185015e+01 60.846885873538966 96.27208069554028   
8 80 0.24402235065630598 1.4633883426882308 18.282257886185015 3.1151082048849105e+01 47.34458437721014 120.93050619868123   
9 90 0.22808258526398165 1.5638380439435433 18.282257886185015 1.9927922821406469e+01 67.05233878825754 108.32026844277642   
10 100 0.2082421179927053 1.6126747057566329 18.282257886185015 2.2100406449248393e+01 55.9801146688814 116.14802146771083   
11 110 0.18892488443840152 1.671779159515474 10.765796645371314 1.0765796645371314e+01 35.72431399572515 92.3959901923489   
12 120 0.1830761894684506 1.6486768713569477 10.765796645371314 1.1750691319998770e+01 27.804227651953816 44.76361636550711   
13 130 0.18496796305220317 1.7440450586177223 10.765796645371314 2.0739962183285400e+01 32.786561489142045 46.3979192601443   
14 140 0.18403628191517984 1.8911489463111024 10.765796645371314 1.7104713269458600e+01 50.3252053212935 81.83582670027538   
15 150 0.1764950004195859 1.9509218300636784 10.765796645371314 1.4267824556279139e+01 30.50050134041957 61.01375134193345   
16 160 0.17129008305394133 1.9112395995025884 10.765796645371314 2.4515769161031489e+01 34.42540325275402 68.34645570474797   
17 170 0.16144824359731397 1.8561158621161937 10.765796645371314 2.1773911296310203e+01 37.699590426967525 51.327230988675396   
18 180 0.13718554061551463 1.7840097909943704 10.765796645371314 1.1993484521807074e+01 28.493590640451654 44.056780749231805   
19 190 0.12491447727255135 1.7712493860097511 10.765796645371314 1.1503028681714991e+01 18.1253067615085 31.931005025091444   
20 200 0.11649734402158105 1.7743091225692567 10.391054115394207 1.0391054115394207e+01 22.358691191393916 25.974533215875496   
21 210 0.11246196777794527 1.8234464454665877 9.615874299701444 9.6158742997014439e+00 12.726487242246092 18.893664708085215   
22 220 0.10625627134395602 1.9823541778640306 8.11166291335056 8.1116629133505604e+00 13.831913780838713 19.796392470219253   
23 230 0.10445259980809543 1.9243556981321988 8.11166291335056 1.1845503775606970e+01 14.06476239775138 18.54191353020625   
24 240 0.09793454401578118 1.969647897776339 8.11166291335056 9.7590984085346211e+00 12.87227262369828 17.937065960091303   
25 250 0.08830941600371475 2.0296776604311435 8.11166291335056 9.8223145883463072e+00 12.164784750678072 15.84642990159351   
26 260 0.08868568435402584 2.019202604275984 7.952770482224074 7.9527704822240741e+00 10.216364114535248 14.767692273171711   
27 270 0.07954951862296915 2.0281430569507752 7.952770482224074 8.1343771085270564e+00 9.606530780037113 15.361775936269995   
28 280 0.08060682095482717 1.9756949102306232 7.397476249687097 7.3974762496870969e+00 8.470451863929846 12.406852441489448   
29 290 0.07327147296201843 2.0233092485352757 7.148264283096053 7.1482642830960534e+00 8.316593163469358 11.302964230181027   
30 300 0.06324663442230913 1.9996951195705992 7.148264283096053 7.3674014606354357e+00 8.725464158546332 11.258879946705592   
31 310 0.06180371955467551 2.0548467083180033 7.046434634361015 7.0464346343610149e+00 7.815830629295718 9.744635003244962   
32 320 0.05772888816537302 2.169314375452118 6.855311407220607 6.8553114072206069e+00 8.14851512259198 10.470910536658556   
33 330 0.05672023818915025 2.1334358684900887 6.3408557426223835 6.3408557426223835e+00 7.331377046198346 8.906871781251201   
34 340 0.05198679856411783 2.1771177781895803 6.3408557426223835 6.5374900758455663e+00 7.115100412768791 8.334552005730316   
35 350 0.046822495473411455 2.240476441749765 6.3408557426223835 6.6052935668244483e+00 7.49869423584775 9.103070686044461   
36 360 0.043633527084496714 2.2924070359136226 6.3408557426223835 6.7739699381062453e+00 7.294006670804541 8.505704580078541   
37 370 0.040797535729642155 2.3017989153480056 6.3408557426223835 6.6693727724093659e+00 6.914632985809483 7.522298665985251   
38 380 0.035226099346011466 2.322848591382015 6.3408557426223835 6.7379092818992472e+00 7.017271193229007 7.496272756235667   
39 390 0.03147731891439379 2.331788255575697 6.3408557426223835 6.6189371047978049e+00 7.00291558735734 7.492931851818082   
40 400 0.03261386465849038 2.3400636877098306 6.3408557426223835 6.3452206703395433e+00 6.593925247159953 7.001343803268689   
41 410 0.03551408971383056 2.6041898905065994 6.338062018314099 6.3380620183140994e+00 6.591985548664481 6.733253454904838   
42 420 0.04082229254757956 2.6356087500146694 6.246877791940559 6.2468777919405589e+00 6.573848757125866 6.98014889812748   
43 430 0.0440109156795662 3.1327640949203337 6.173116557806561 6.1731165578065612e+00 6.569304764096376 7.291274716641723   
44 440 0.040948954005149404 3.39579167545893 6.173116557806561 6.2076290541505337e+00 6.657456686783943 7.034048174563233   
45 450 0.042335328025098824 3.7491870662949873 6.173116557806561 6.2768231029645492e+00 6.536417825273469 6.6887470719275575   
46 460 0.038542494603039976 4.133228821218144 6.173116557806561 6.2146121270343606e+00 6.417230555585196 6.8322174256910895   
47 470 0.03525544097679364 4.164940065395469 6.173116557806561 6.2288549157144111e+00 6.569102467742831 7.2286248044503   
48 480 0.03655774034765198 4.138724006163349 6.173116557806561 6.2468578087189481e+00 6.510791931740071 6.776052180152557   
49 490 0.033743376643839446 4.229524313616917 6.173116557806561 6.1981189721981682e+00 6.3652908116267986 6.867277838316793   
50 500 0.031887558453565355 4.089122344299412 6.1199848846200124 6.1199848846200124e+00 6.250587572283967 6.309413288216686   
51 510 0.03466445986076985 3.8914215262903427 5.88065942179662 5.8806594217966204e+00 6.182722215671711 6.426993744830369   
52 520 0.03725261559052776 4.214365399699534 5.88065942179662 5.9177612118026968e+00 6.127029701445201 6.659959428347682   
53 530 0.036348776846699855 4.303451542917216 5.88065942179662 6.0410613358049243e+00 6.223945218234783 6.692468135582099   
54 540 0.032991294112627585 4.208796369013086 5.88065942179662 5.9434654015637562e+00 6.4097531167945245 6.590108492914656   
55 550 0.03561053119503802 4.2257365478521365 5.88065942179662 5.9580055631488786e+00 6.144578875583098 6.30257457166103   
56 560 0.03612879875849706 4.565150189303556 5.783662853711572 5.7836628537115722e+00 6.079441477596072 6.5010275355645   
57 570 0.04347265968083574 4.285943011824966 5.638998371952239 5.6389983719522387e+00 5.890565911383063 6.228268031360595   
58 580 0.04580764290384482 4.552686157736919 5.638998371952239 5.8040395085949630e+00 6.063571245992221 6.270974402462602   
59 590 0.04154449196588922 4.453439117466812 5.638998371952239 5.6966798157362195e+00 6.057998688577288 6.301262388054229   
60 600 0.03929063570565052 4.335442753439164 5.638998371952239 5.7148731718258379e+00 5.983858159215837 6.250403729480003   
61 610 0.035995767025192554 4.561683341626253 5.638998371952239 5.7422505953551832e+00 6.047620776500803 6.2282924576100305   
62 620 0.03160987915906582 4.8344500686298435 5.638998371952239 5.6402440387143766e+00 5.7682235533796655 6.708403625847965   
63 630 0.030233554634744142 4.65948766358629 5.6340488267566355 5.6340488267566355e+00 5.732575673461512 6.196186030273829   
64 640 0.02918602683075857 4.782880857838868 5.559660590912943 5.5596605909129426e+00 5.73744483526008 5.9394972474074486   
65 650 0.030173810847877004 5.035134325573855 5.47919109258314 5.4791910925831404e+00 5.6952977599761505 5.874872710996897   
66 660 0.03393043382279679 5.285222930153335 5.47919109258314 5.4816636917497723e+00 5.633955057695292 5.861960789824984   
67 670 0.03648035347369791 5.751259166912303 5.3996609430549904 5.3996609430549904e+00 5.7220340000052685 6.1443934025183   
68 680 0.03400140347852659 5.841881598574088 5.381912899539349 5.3819128995393486e+00 5.607032719036591 6.421467207454951   
69 690 0.0333240587495933 5.735252678179671 5.347310448263006 5.3473104482630056e+00 5.510922575102702 5.791252467863342   
70 700 0.034529687295967976 6.020505451472569 5.271335443211594 5.2713354432115942e+00 5.5816251582164 6.120601918697092   
71 710 0.03373545676984474 5.967199150391723 5.171769674675472 5.1717696746754722e+00 5.298290232246659 5.727765216302809   
72 720 0.037911449987246375 6.265266182865767 5.0481442411383535 5.0481442411383535e+00 5.270212037130554 5.61607860958752   
73 730 0.040895733111522024 6.787601961937742 5.0481442411383535 5.0588421122052765e+00 5.368496271298026 6.07263718294621   
74 740 0.043878253637282684 6.665388591513604 4.78890100781752 4.7889010078175200e+00 5.29379300329914 5.743073671269599   
75 750 0.04481712463723313 7.096057130531285 4.78890100781752 5.0919807605056882e+00 5.304569914856121 5.765757157991992   
76 760 0.0512680090777574 7.318930430183138 4.78890100781752 4.9476306460281210e+00 5.066974574033615 6.86771732507397   
77 770 0.04795998433736685 7.7215728713220875 4.78890100781752 5.0659974473109139e+00 5.1927489706383625 5.637113658943578   
78 780 0.047994604466317044 7.60500712361912 4.78890100781752 5.0900824650990959e+00 5.210635532729746 6.37220331248203   
79 790 0.04533432236825447 7.839767677561215 4.78890100781752 5.0090657746006855e+00 5.384448454463479 5.736837938381976   
80 800 0.03998630111328913 7.758768020303306 4.78890100781752 4.8955113950169720e+00 5.162156216062767 5.570083085195653   
81 810 0.036286478382197965 7.650962636147447 4.78890100781752 4.8384702442856247e+00 5.175979255997871 5.453323715061383   
82 820 0.034850797417180696 7.528545885542474 4.737475776595765 4.7374757765957654e+00 4.909344889563328 5.108822130213375   
83 830 0.03282332794689765 7.705700676642258 4.716840959695396 4.7168409596953964e+00 4.841606851131245 5.199436395638434   
84 840 0.032310491663311125 7.414482555690939 4.652279378571172 4.6522793785711718e+00 4.866889480905377 5.0613768087951385   
85 850 0.0314976130816646 7.487790310102907 4.595722057494233 4.5957220574942328e+00 4.820264798845262 5.10620242232782   
86 860 0.028769250833117942 7.325045154991037 4.595722057494233 4.6002264407546791e+00 4.6982329811377355 4.849974719105903   
87 870 0.0281592168720721 7.3077690184955735 4.595722057494233 4.6009996215495850e+00 4.695625794880128 4.7897033733168115   
88 880 0.027289843217160405 7.250159647274915 4.531818436434991 4.5318184364349907e+00 4.636758314193745 4.843125186107495   
89 890 0.028560056308380783 7.765792848821853 4.507378243283364 4.5073782432833642e+00 4.609820836068465 4.758507205339202   
90 900 0.0331119739596051 7.698276541710595 4.499956980649413 4.4999569806494133e+00 4.554241940889698 4.6350091737028745   
91 910 0.03706607074415629 7.026928195730607 4.44315245741767 4.4431524574176704e+00 4.565830969048434 4.693111379298052   
92 920 0.03726781427307649 7.3475201164152955 4.439763204080597 4.4397632040805970e+00 4.511911729693215 4.711207168993645   
93 930 0.037618875971486394 7.733539186334597 4.405342280603429 4.4053422806034286e+00 4.457475410203539 4.8528225821922355   
94 940 0.035808261686642515 7.8568114479883215 4.398986637414232 4.3989866374142323e+00 4.486468975394959 4.622851548903636   
95 950 0.033447641291962406 8.586126029998546 4.318527429214463 4.3185274292144626e+00 4.469626418587728 4.559296685616026   
96 960 0.03227444831311715 8.331888273675192 4.282285599073737 4.2822855990737372e+00 4.498311776456018 4.938070721466218   
97 970 0.03438794145534427 8.496634075080285 4.282285599073737 4.2902040598831332e+00 4.4634869447072125 4.747368746890759   
98 980 0.03493385297328864 8.527029705791492 4.157383156231403 4.1573831562314032e+00 4.386622456294688 4.521354898341366   
99 990 0.042610405504372555 8.438785600529698 4.151231350774675 4.1512313507746752e+00 4.309626958554494 4.619088634512569   
100 1000 0.042852279608260206 8.026194631670176 4.141181100946023 4.1411811009460227e+00 4.381503709881462 4.684083141526809   
101 1010 0.03891317729931846 8.021472767515588 4.080763312648446 4.0807633126484459e+00 4.373962451526381 4.634154188038523   
102 1020 0.03890183465688993 8.055665035317963 4.080763312648446 4.1019110141354114e+00 4.327829115861493 4.573334371178851   
103 1030 0.04200047030800612 8.14248476629631 4.080763312648446 4.0892598327769445e+00 4.31746104348588 4.623164516686527   
104 1040 0.04302224119714325 7.64522417929091 4.052240897133061 4.0522408971330606e+00 4.267759703538499 4.484420376281943   
105 1050 0.04593055477607467 7.265698609679664 3.867161881336843 3.8671618813368429e+00 4.087844898160603 4.29188354788416   
106 1060 0.050928698041963594 7.273334564831313 3.867161881336843 3.8861738467737128e+00 4.051962160598226 4.435853377106352   
107 1070 0.05098114027567376 6.822460829031646 3.867161881336843 3.9411420297640332e+00 4.092924199119615 4.30536839757324   
108 1080 0.05278373927057413 6.813811005156526 3.8586887639205534 3.8586887639205534e+00 4.112917299714128 4.230270176247498   
109 1090 0.053123393016607276 7.01879480607367 3.7673351278264544 3.7673351278264544e+00 3.9918445973064864 4.389090517868581   
110 1100 0.05336292854348742 7.077812946173027 3.6936224271670035 3.6936224271670035e+00 3.952407425259696 4.28548033567852   
111 1110 0.05530406819930409 7.457013220719798 3.6936224271670035 3.7666374743464344e+00 3.9281389288562236 4.240170846017463   
112 1120 0.058053395011459424 7.450426177895553 3.6455436316971586 3.6455436316971586e+00 3.930317244712729 4.200998224830813   
113 1130 0.05774803755419652 7.062935840788735 3.4321597564383426 3.4321597564383426e+00 3.8120760573797847 4.212805856225273   
114 1140 0.05258424890227678 7.175135629131752 3.4321597564383426 3.6147357389056642e+00 3.8931653906434205 4.316537486533894   
115 1150 0.047744843816115504 7.168962662846965 3.4321597564383426 3.5633514741696812e+00 3.7732284632401045 4.310727672360886   
116 1160 0.04754291138621016 7.208979015788984 3.4321597564383426 3.5405210971087611e+00 3.7364772980243455 3.93775517112372   
117 1170 0.05406440288751889 7.73331501863816 3.4321597564383426 3.5717600381386720e+00 3.696845896717898 4.03493667389357   
118 1180 0.05281639346656609 8.034704084364979 3.4321597564383426 3.5177250164160565e+00 3.9624092078117235 4.41178758181024   
119 1190 0.052072359390667435 8.54605907829052 3.4061709804813916 3.4061709804813916e+00 3.6174951529442656 4.0343484542725845   
120 1200 0.04856441172694279 8.92854237543341 3.3980392427132173 3.3980392427132173e+00 3.543281535240272 3.770502731288989   
121 1210 0.04894390094043558 9.258640413863718 3.3980392427132173 3.4020492522168264e+00 3.71188601474907 3.7651946917548713   
122 1220 0.050237084928477525 8.84291549148688 3.3980392427132173 3.4143977683574236e+00 3.60665324271936 3.8979759860196737   
123 1230 0.05000696360750268 8.139605221969155 3.3980392427132173 3.4075910225275998e+00 3.628258212999939 4.032068883749823   
124 1240 0.050077029827119326 8.331103611385073 3.3980392427132173 3.4324626205607585e+00 3.668379756479416 4.418845759789247   
125 1250 0.05125110737457528 7.892673022749065 3.3266595919382054 3.3266595919382054e+00 3.6610354534528957 3.9130843980674586   
126 1260 0.05453385868261836 8.097516256688655 3.2583401625983206 3.2583401625983206e+00 3.4825951657974166 3.754626193795624   
127 1270 0.06073111889014525 8.666633303520616 3.1256874709313065 3.1256874709313065e+00 3.4548753286987712 4.180123426236203   
128 1280 0.05831536961784788 9.041580159158558 3.1256874709313065 3.2796389458727764e+00 3.615510784849125 3.9228391283117414   
129 1290 0.059986294670741194 8.882813584108236 3.0217382085929234 3.0217382085929234e+00 3.2574051356787654 3.615382036556913   
130 1300 0.0625856935844919 9.621046987941801 3.0217382085929234 3.0314326032819863e+00 3.440986952233388 3.751207780875885   
131 1310 0.059375217493543866 9.872948742964809 3.0217382085929234 3.0304168503840909e+00 3.1932628876234377 4.237772445478318   
132 1320 0.05689548743825743 10.04564560589959 2.9670131779766025 2.9670131779766025e+00 3.105954556796161 3.390239216727082   
133 1330 0.05969594399018472 9.938188582845962 2.9670131779766025 2.9819708539910117e+00 3.1263048387395296 3.2547078540178562   
134 1340 0.062461615065868815 9.618806359752282 2.880103124076504 2.8801031240765038e+00 3.2005512011363173 3.572027218684428   
135 1350 0.06479059444720461 9.858741290592357 2.772935138749607 2.7729351387496068e+00 3.1032201431195294 3.384867655338091   
136 1360 0.06886711983308891 10.493716140441137 2.744460386135974 2.7444603861359740e+00 3.3150060287719145 3.8214940513393447   
137 1370 0.06634153249463672 10.578128160023505 2.744460386135974 2.7554415046614316e+00 2.8737331453537847 3.4521361852962476   
138 1380 0.07079459967937211 10.040996719445431 2.701194016442299 2.7011940164422992e+00 2.904385465916095 3.2090180421613876   
139 1390 0.07646785544539138 10.198976051491803 2.701194016442299 2.7072952465647235e+00 3.1366127882619246 3.4035666183487714   
140 1400 0.07413376581714669 10.025201925252533 2.611104104533905 2.6111041045339052e+00 3.094452179828746 3.2045073884244184   
141 1410 0.06847854614806814 10.506158437342776 2.611104104533905 2.8076237835100684e+00 3.0000677329847147 3.4272554643123434   
142 1420 0.05909938188497188 10.334394388152608 2.611104104533905 2.6163708884927508e+00 2.8908702064348852 3.1979814534587465   
143 1430 0.053979828913146316 9.64623939731338 2.5516513371087743 2.5516513371087743e+00 2.861923699160479 3.593699457303882   
144 1440 0.05296362673640905 9.983430833533905 2.48196057766243 2.4819605776624298e+00 2.7163174974316417 2.813116072010828   
145 1450 0.05805339358534925 9.957859806760464 2.464818390032784 2.4648183900327840e+00 2.658477550179856 2.805940836895705   
146 1460 0.06542861461760452 11.14710184661965 2.2729409056742367 2.2729409056742367e+00 2.5352620136284196 2.870433708187602   
147 1470 0.07366427509102612 12.366661958984126 2.2729409056742367 2.3347007540148565e+00 2.4645509448459837 2.772170613040344   
148 1480 0.08386286517521563 12.516295247876936 2.1850786192204272 2.1850786192204272e+00 2.65637287112459 3.006911087707563   
149 1490 0.0959684090488517 12.683035436193249 2.064757741177098 2.0647577411770981e+00 2.5636153797587404 2.9846310984307793   
150 1500 0.10551137211500197 13.926668030952309 2.064757741177098 2.1202662340230223e+00 2.6517403753844135 6.254227674653418   
151 1510 0.10255667228436736 13.932059868712937 2.064757741177098 2.2696390934355684e+00 2.560675200614881 3.9992478602592043   
152 1520 0.08854446552013472 12.921324222598894 2.064757741177098 2.2884487635520454e+00 2.8825541901205893 4.02272696563905   
153 1530 0.08699728290759982 13.04087987849258 2.0239924452653346 2.0239924452653346e+00 2.5778902886555595 2.8067396632996555   
154 1540 0.08222084459501294 12.940369986778714 2.0239924452653346 2.1464191535010038e+00 2.589957609971133 2.8755715411343434   
155 1550 0.07952356474279274 13.031151136601101 2.0239924452653346 2.1436316024051059e+00 2.608706917372766 3.048977815342412   
156 1560 0.07923867472686705 13.046780157938741 1.9714150097208065 1.9714150097208065e+00 2.5004152135705833 3.4155111595014027   
157 1570 0.07774595069577446 13.297209059074794 1.9481436715320917 1.9481436715320917e+00 2.249642208239461 3.0163315273702676   
158 1580 0.06888916200938855 12.554009930047872 1.860790657748256 1.8607906577482560e+00 2.0720381674252963 2.918552229980613   
159 1590 0.061184005491581345 12.306131081345015 1.8246966172002328 1.8246966172002328e+00 2.0956826206624593 3.996071099538505   
160 1600 0.056393121726421684 11.81934825128576 1.8246966172002328 1.8566154216834270e+00 1.9995059823861654 2.3186613808738183   
161 1610 0.05245335702076149 11.892936658504405 1.6753178837812979 1.6753178837812979e+00 1.933971312374284 2.1099014516149683   
162 1620 0.05215983577297553 12.280280829343395 1.6087294230260922 1.6087294230260922e+00 1.797063337522963 1.932417246644536   
163 1630 0.05252308347072687 12.346842269684043 1.6079758526403145 1.6079758526403145e+00 1.7893053213414243 2.098507371269343   
164 1640 0.05488362617382936 13.182897772688191 1.6079758526403145 1.6629215499448602e+00 1.8325561460778912 2.1829017088451135   
165 1650 0.04926198565010729 13.439270402287278 1.6079758526403145 1.6578408372991680e+00 1.9145919502786541 2.608454719725337   
166 1660 0.04703117371383944 13.442008930567495 1.6079758526403145 1.6730317770253156e+00 1.8161470886873783 1.9634450772265093   
167 1670 0.04624805514279513 12.898627538742254 1.5872845070880595 1.5872845070880595e+00 1.6986888857729212 1.848209849466231   
168 1680 0.04528324071661428 12.442061315529752 1.5219994384583388 1.5219994384583388e+00 1.6810503841435542 1.7791839342217979   
169 1690 0.04624330400182714 12.51288831930033 1.5164613982336745 1.5164613982336745e+00 1.6085506008654389 1.8514803664204775   
170 1700 0.044100211437818324 11.5277566007422 1.4728487019825296 1.4728487019825296e+00 1.6409055800439156 1.8752639445328128   
171 1710 0.04733614587747767 11.313643066455898 1.41128439393021 1.4112843939302100e+00 1.501473067636994 1.6102152806139567   
172 1720 0.05359397388534262 12.580216656578486 1.3929386082086301 1.3929386082086301e+00 1.4638296101865684 1.6550221297282062   
173 1730 0.05205615844783672 13.112954810028876 1.3929386082086301 1.4090840744858668e+00 1.5059257292611627 1.8118359738999645   
174 1740 0.04868819764208667 12.808139595549234 1.34320001778742 1.3432000177874199e+00 1.4476917090126715 1.533816591130026   
175 1750 0.047257077780987054 13.049989424232093 1.3382913634285747 1.3382913634285747e+00 1.4039656645656913 1.6785739018394237   
176 1760 0.044570407704740994 13.081082686772177 1.308964979722206 1.3089649797222060e+00 1.4267695754505523 1.5070568161754352   
177 1770 0.046857660641943515 13.40075437446178 1.3015670377135224 1.3015670377135224e+00 1.4027983151943053 1.4361329626034405   
178 1780 0.050451673885437955 12.668033181752284 1.2480289902027204 1.2480289902027204e+00 1.3368886924899526 1.5805813656646435   
179 1790 0.050330666292495406 12.649959502080424 1.1950460863698924 1.1950460863698924e+00 1.3347122176988795 1.466363989925115   
180 1800 0.047488022155246244 12.982311220042307 1.1950460863698924 1.2224041988747985e+00 1.3561255867791988 1.4618330069889791   
181 1810 0.04626964545129926 13.670433128738516 1.145479454526489 1.1454794545264890e+00 1.3401578004740884 1.4482262241929431   
182 1820 0.04708386628888924 13.857220786642896 1.145479454526489 1.1677457083597669e+00 1.2802732094633342 1.4078714407030373   
183 1830 0.05123914257088143 13.897976619533623 1.0505952993277492 1.0505952993277492e+00 1.2392964353469922 1.5026540898674727   
184 1840 0.05776854797975631 14.082825158599505 1.0505952993277492 1.0970791193235880e+00 1.189228023424727 1.4062444823678106   
185 1850 0.0565550256029614 13.395244845544758 1.0475381350644477 1.0475381350644477e+00 1.2203865478352882 1.3162439761082037   
186 1860 0.053353633121293244 13.806932307236536 1.0420604217183334 1.0420604217183334e+00 1.1618056312599367 1.4203612858798145   
187 1870 0.05937549594148051 13.902850461455008 0.9780917370060687 9.7809173700606866e-01 1.087401301414334 1.267129929270109   
188 1880 0.06923930920293893 14.715313329798178 0.878700929810416 8.7870092981041603e-01 1.0631026832589279 1.2159345739456708   
189 1890 0.0701267755116891 17.351217407574918 0.878700929810416 9.4312621493522020e-01 1.0331941345846027 1.3331382096342221   
190 1900 0.0926877442289303 17.46737402326774 0.7240648281071274 7.2406482810712736e-01 0.9393521483301259 1.2678788609606684   
191 1910 0.10964070771606456 20.018710793902756 0.7240648281071274 8.7731353953888402e-01 1.038760656933197 1.3377438357247913   
192 1920 0.10173924239753854 19.222723737205396 0.7240648281071274 7.2619355037968436e-01 1.1823170113701633 2.454141822042654   
193 1930 0.11232167704739926 18.799520313519768 0.6479142808089232 6.4791428080892322e-01 1.0974604143376876 1.5499915526967882   
194 1940 0.11592243781886494 18.045468873406396 0.6479142808089232 8.2239570600439560e-01 1.1595210392480841 2.1330632691190723   
195 1950 0.11346270045534831 18.349072250808465 0.6309848904883741 6.3098489048837414e-01 0.9596410268380291 2.024943491485978   
196 1960 0.11121558453060455 18.123916451732747 0.5613831697083619 5.6138316970836188e-01 1.032087208401596 1.686525381863913   
197 1970 0.11304422870360123 18.925395124932994 0.5613831697083619 6.0768949775918202e-01 0.9193883467207986 1.6254409182333904   
198 1980 0.10153323747212113 18.402472435426425 0.5613831697083619 6.3053321762851344e-01 1.074315526240503 1.758576487223122   
199 1990 0.0948908898399604 17.87093601003 0.48884403965693635 4.8884403965693635e-01 0.7828142630988721 1.088879370981412   
200 2000 0.08044600886423546 17.638249239995616 0.48884403965693635 5.5834674947418050e-01 0.7822019038590224 0.9690972115747363   
201 2010 0.0697670958829255 17.649965916163005 0.48884403965693635 5.0440155366306738e-01 0.6921340780055506 1.2012357907193094   
202 2020 0.06872286703699236 17.66180518813417 0.48884403965693635 5.0446805870541467e-01 0.7153799566297049 1.300539417624306   
203 2030 0.06467078831019185 15.67686041778977 0.48884403965693635 5.1398273284506690e-01 0.686599729317378 0.9619963680870054   
204 2040 0.05948677808179263 15.762752366880381 0.40880723086519416 4.0880723086519416e-01 0.5684253588805186 0.8123499800254843   
205 2050 0.05264253888638394 15.534913329895362 0.40880723086519416 4.2735564060533338e-01 0.5538045473811388 0.6714070893530131   
206 2060 0.04531566916315306 15.444055447066543 0.4010416590580354 4.0104165905803540e-01 0.5193925460489066 0.5699032300735047   
207 2070 0.043664808002424296 15.262755296460297 0.4010416590580354 4.0289258197071154e-01 0.4871211807535283 0.5209022217710395   
208 2080 0.04660041954619452 15.54749784054176 0.3547533081335174 3.5475330813351741e-01 0.43055968803521216 0.5420803403320393   
209 2090 0.046851048873001365 14.346079700861166 0.3426466169703203 3.4264661697032028e-01 0.406448358710764 0.5054480880372932   
210 2100 0.05376993330422195 13.880937400196585 0.3426466169703203 3.4685182170115125e-01 0.42768779227207354 0.5796663999167073   
211 2110 0.054654425650142786 14.026885147582773 0.34204601960763403 3.4204601960763403e-01 0.40374929295886713 0.4744894662331818   
212 2120 0.05451420950053402 14.557355203712055 0.34204601960763403 3.5600040401351796e-01 0.4526997635188111 0.5889432015090992   
213 2130 0.0586793366962857 15.200782941797115 0.310707199526796 3.1070719952679599e-01 0.3939383849115108 0.5860468919109404   
214 2140 0.0608337159600177 14.78033401761607 0.310707199526796 3.1948541607439329e-01 0.3601175796201528 0.47748144532302184   
215 2150 0.06248284988864713 14.221902814253966 0.29162258605471825 2.9162258605471825e-01 0.4029555898618903 0.5602806826488411   
216 2160 0.06679240009782744 13.968808131323993 0.24592240582615155 2.4592240582615155e-01 0.37970426085203723 0.6492265384695484   
217 2170 0.06633774963320455 15.130439664337981 0.24592240582615155 2.8007405892088888e-01 0.3744441737286225 0.4657586401984303   
218 2180 0.06195185092281066 15.49691838046215 0.24592240582615155 2.7689688448473676e-01 0.3418183410006606 0.4310754179627522   
219 2190 0.059230433246226295 15.063989690011848 0.24592240582615155 2.6112781234170834e-01 0.30843213476441184 0.4692208596828787   
220 2200 0.05964291140802253 15.160034917939202 0.21187270025061147 2.1187270025061147e-01 0.2980814697355792 0.3646738360358961   
221 2210 0.05835716369089222 15.339086918721748 0.21187270025061147 2.2192512849608645e-01 0.27876119353456846 0.38845522541133837   
222 2220 0.05737574663471136 16.34750824160088 0.18930176062273985 1.8930176062273985e-01 0.2717213792401466 0.32132686917533215   
223 2230 0.05638879963248292 16.931558892770415 0.18930176062273985 1.9362001512694182e-01 0.2545267641625776 0.3244865538453541   
224 2240 0.05937703149155305 17.409334530451623 0.17438940120047047 1.7438940120047047e-01 0.2551435855090681 0.3879566566233912   
225 2250 0.0703161651438987 18.89834601452817 0.17006363917842587 1.7006363917842587e-01 0.22292664989586575 0.3816838504756711   
226 2260 0.07565082092467944 19.621693360732223 0.13797526303614807 1.3797526303614807e-01 0.27165341495830864 0.387742028945672   
227 2270 0.08130396720453235 19.588647403824705 0.13797526303614807 1.5688389498829530e-01 0.23639645136105808 0.31619170645868167   
228 2280 0.06965922944690517 20.469397998969985 0.13797526303614807 1.7704140175181177e-01 0.24164994549044178 0.32629884544124477   
229 2290 0.059840185854420115 20.267433090996786 0.13797526303614807 2.0039206863029724e-01 0.24584512646720613 0.4042108387526467   
230 2300 0.056371573227590704 20.393216200634722 0.13797526303614807 1.4075799247166287e-01 0.19996976642213155 0.35835208679452457   
231 2310 0.053031399872298074 19.505104769163417 0.13797526303614807 1.4546872155902052e-01 0.20008974998092133 0.3702203809342616   
232 2320 0.04711224507243001 19.387493885830867 0.13797526303614807 1.5018410979326813e-01 0.19004341302657 0.22013814307445623   
233 2330 0.047891382325568124 19.243351558856016 0.1190538675266633 1.1905386752666330e-01 0.16030075887116468 0.18989842357782846   
234 2340 0.04465564852263352 19.390711128218847 0.1190538675266633 1.2104517858705029e-01 0.15145263238701845 0.20713627314059174   
235 2350 0.04352612441525729 18.745229983860774 0.1189496922655716 1.1894969226557160e-01 0.14025727024355542 0.15811212407332603   
236 2360 0.04450203572816064 18.483072191051757 0.1125438513387853 1.1254385133878531e-01 0.12710676321827763 0.1993483832800743   
237 2370 0.04860679250659551 19.294549417908954 0.09068588853883724 9.0685888538837245e-02 0.13758823352232932 0.20531087083354976   
238 2380 0.051950138665804065 20.286857650772852 0.08046839380859427 8.0468393808594274e-02 0.10930080992817956 0.17795724735261448   
239 2390 0.0527916049729006 20.8835542358875 0.08046839380859427 9.7837659814186850e-02 0.10765084024313593 0.16529359359853896   
240 2400 0.05018407440898275 21.599933278715362 0.08046839380859427 1.0531954937893971e-01 0.14831462034543402 0.17480991537625307   
241 2410 0.044495420649252375 21.691345725299744 0.08046839380859427 9.0218730423805030e-02 0.13634770516965006 0.18913254483631964   
242 2420 0.04307900951789946 22.149204456672468 0.08046839380859427 9.5371044286295975e-02 0.11013034322619773 0.17391311557312966   
243 2430 0.03597389907693325 22.133254229294014 0.08046839380859427 9.4741057391344030e-02 0.108145573367426 0.11204962619126269   
244 2440 0.037914537976517906 21.575713299821324 0.08046839380859427 8.7167714510966054e-02 0.09454273042361903 0.11164048566443224   
245 2450 0.039300352260909464 21.49423238281957 0.08046839380859427 8.6690202518864251e-02 0.09928526694021775 0.1290028010285192   
246 2460 0.037218903438056866 21.00337470839943 0.07004408837930137 7.0044088379301372e-02 0.10426360303672878 0.11625298031152387   
247 2470 0.03579189318702538 21.335950677865252 0.06617945168920591 6.6179451689205915e-02 0.0845050671592824 0.1139740160237486   
248 2480 0.03460631115898391 22.375570992633527 0.06617945168920591 6.6315312883888922e-02 0.08647129073632293 0.12069811878368569   
249 2490 0.0337185596996553 22.30902432931705 0.05841099684662934 5.8410996846629343e-02 0.07319524492640664 0.0777510802414521   
250 2500 0.03640430030314913 23.614425174713997 0.05645172631552454 5.6451726315524538e-02 0.076288833767304 0.09023792318194626   
251 2510 0.03689940644445973 25.65459860537497 0.05645172631552454 5.7320474871463412e-02 0.06949861581015142 0.08433316071225941   
252 2520 0.037340576412773226 25.151095863817698 0.05645172631552454 5.9251103158855768e-02 0.07291943541858725 0.07933502878185482   
253 2530 0.03780296414495087 25.52269313111251 0.053697754972804795 5.3697754972804795e-02 0.06436922897180501 0.08342194140028521   
254 2540 0.03939970941317689 26.36099201988594 0.044788851100645795 4.4788851100645795e-02 0.06670618527814497 0.08773757130108199   
255 2550 0.040674869534422085 27.965884797217306 0.044323742598454285 4.4323742598454285e-02 0.0654036578334061 0.09830218285850881   
256 2560 0.04010791217844918 29.58226773554785 0.03921516524502132 3.9215165245021319e-02 0.0686964729027792 0.10892482387980246   
257 2570 0.04463101151599385 30.64455712535171 0.03921516524502132 4.2281790611000597e-02 0.05193075885121034 0.08262528791686077   
258 2580 0.052106737447270346 31.151022350886276 0.033743982364860425 3.3743982364860425e-02 0.04294064702844121 0.06847934750963632   
259 2590 0.05465016335588501 35.80581781074672 0.022637170935275345 2.2637170935275345e-02 0.057541226750095334 0.1120312115114464   
260 2600 0.053714965945671794 37.65816568670729 0.022637170935275345 2.8050745451517596e-02 0.06101824212616833 0.13377166834645363   
261 2610 0.05109710816016617 37.3973558800161 0.022637170935275345 2.7193780890777071e-02 0.04780094798286334 0.15431888204199812   
262 2620 0.04781797029954566 38.2890796030966 0.022637170935275345 2.3374206520528774e-02 0.04237358687490573 0.07164037124030985   
263 2630 0.04511940007483208 36.57375042996662 0.02055065109786714 2.0550651097867141e-02 0.040836974537163465 0.057890162557879224   
264 2640 0.04822924189679303 35.73527258711346 0.02055065109786714 2.1135000249039221e-02 0.033563582274232284 0.048906799636351916   
265 2650 0.04881364016666641 38.80801987016182 0.02055065109786714 2.6299409136553833e-02 0.03609448727975896 0.07975405961007222   
266 2660 0.05046889186363572 39.14627492317281 0.017845847787060082 1.7845847787060082e-02 0.0349321586682133 0.05103138631456103   
267 2670 0.058617494897665226 39.846134030501965 0.01440043690265721 1.4400436902657210e-02 0.031884861830022176 0.06830071441415435   
268 2680 0.06032555744491101 44.204227218410594 0.01440043690265721 2.3712661328506850e-02 0.05151600063644339 0.0908627784344335   
269 2690 0.060557959356084386 46.202149234724594 0.01440043690265721 2.1801614858525737e-02 0.03871622777928213 0.1256262414814532   
270 2700 0.062480065605831935 43.64814870918031 0.01440043690265721 2.3083652734161509e-02 0.05933142817946859 0.12031080115943932   
271 2710 0.057396678103094206 40.77567590393153 0.01440043690265721 2.5879214535604982e-02 0.05530131521191778 0.1146777164292383   
272 2720 0.049931345693262186 38.61363694045488 0.01440043690265721 2.2776551960752255e-02 0.03994443434790815 0.0765817673066424   
273 2730 0.04474150487285662 37.45332036415734 0.01398954426379842 1.3989544263798420e-02 0.039444442768047205 0.05433278649489318   
274 2740 0.041970685993120954 37.05338581993109 0.012315828475297632 1.2315828475297632e-02 0.0328269786465181 0.04506063198285307   
275 2750 0.03918828819382583 40.59332230901716 0.011866180992366342 1.1866180992366342e-02 0.01844361616817241 0.028386519979806558   
276 2760 0.03695205269492632 40.57643151759817 0.006121065779036192 6.1210657790361916e-03 0.02348242233689067 0.03128160094676551   
277 2770 0.03304513689492732 40.80854725696322 0.006121065779036192 9.6379046153220183e-03 0.01699729169789688 0.028872878571795525   
278 2780 0.029448802279407375 41.25145604359899 0.006121065779036192 9.2709609777694990e-03 0.016927577646421253 0.026707844499978095   
279 2790 0.028179841604149984 43.01554433021863 0.004132358610800211 4.1323586108002108e-03 0.012544769879151683 0.018625308705577305   
280 2800 0.02784466102769617 42.16403846484167 0.0037877329199936935 3.7877329199936935e-03 0.007695679648935671 0.016225746227295338   
281 2810 0.02752725564210645 42.36113482774495 0.002908390613745782 2.9083906137457819e-03 0.006509006378249189 0.013798679509047687   
282 2820 0.026146880441517143 40.31900228373639 0.002908390613745782 4.5631862812476340e-03 0.0060117255530559655 0.012144660285463774   
283 2830 0.02506580389738693 40.18526201746314 0.002908390613745782 4.3235765624639912e-03 0.009805126271034947 0.01995668778839397   
284 2840 0.023666444726459526 38.0429069345628 0.002908390613745782 3.8642278517019872e-03 0.0057859006795251 0.007630285875808418   
285 2850 0.022660356526219595 38.46675993593086 0.002908390613745782 3.5599467557820212e-03 0.00604395722833076 0.00979354330181571   
286 2860 0.02151658509346809 38.31464174584325 0.002908390613745782 3.0088779472770039e-03 0.006110612978461589 0.012012460055585136   
287 2870 0.019365984956289835 39.18836155423457 0.002233821213255872 2.2338212132558721e-03 0.0045187410441233835 0.007320928978225659   
288 2880 0.01713101217108913 40.93841356008958 0.002233821213255872 2.4541443506258193e-03 0.0036293281904247444 0.004370853321955007   
289 2890 0.018024275411379676 41.90752087585741 0.002233821213255872 2.4149386747552024e-03 0.003480965822968087 0.006183939130615507   
290 2900 0.01698650714444787 44.348622044590336 0.001875385126404571 1.8753851264045711e-03 0.0026882311182384695 0.008396432776365101   
291 2910 0.01783622980355599 43.518852534605166 0.001875385126404571 2.0735409233103002e-03 0.00316689096308399 0.004024154794508525   
292 2920 0.01602618438318123 42.56295526143923 0.0017406955933136276 1.7406955933136276e-03 0.002654958696930167 0.0059011376136344565   
293 2930 0.0148659356131714 43.69708291959252 0.000891744235988147 8.9174423598814697e-04 0.0024254538772993752 0.004345083237858623   
294 2940 0.013437054328719519 46.75636858344499 0.000891744235988147 1.4413247989996493e-03 0.0022434522398520826 0.0028406351748314707   
295 2950 0.01310559399095544 45.33662712387858 0.000891744235988147 1.1222053653647966e-03 0.0019484668571739703 0.0032771505714969916   
296 2960 0.012589738683609582 44.184573939781245 0.000891744235988147 9.1262043475473530e-04 0.001436035196257688 0.0020278025018867175   
297 2970 0.011671802873405551 45.603205310567624 0.000891744235988147 1.0471568737419423e-03 0.001319943563643518 0.0027500181941862963   
298 2980 0.01117473116224457 46.67195612306861 0.0006573396252657823 6.5733962526578235e-04 0.0013452506238071254 0.0021823775946932297   
299 2990 0.010180534959349542 45.692726937816964 0.0006037890891628478 6.0378908916284776e-04 0.001015485654110479 0.001517551023367619   
300 3000 0.010976826225771423 45.77674996098668 0.0004853063438131719 4.8530634381317191e-04 0.0007974904802045323 0.0015207625717369789   
301 3010 0.011302507346723228 49.79937504222123 0.00037050252561993276 3.7050252561993276e-04 0.0007340737824137394 0.002498061783154885   
302 3020 0.013178456831545624 51.89903523305357 0.00037050252561993276 4.6394822606986015e-04 0.0006601488699926729 0.001542938638448431   
303 3030 0.01340077443055782 54.43325312882145 0.00037050252561993276 6.8729165373057795e-04 0.0008776524033019427 0.0014091447241906924   
304 3040 0.012579028578269966 55.02374609906373 0.00037050252561993276 4.0733148611791256e-04 0.0007664738444167941 0.0015026852563337877   
305 3050 0.012052011549562874 55.358728061598065 0.00037050252561993276 3.8372958065256078e-04 0.0007351754591386971 0.0010121072797231153   
306 3060 0.011467298324221222 51.5281978620564 0.0003248039321689043 3.2480393216890432e-04 0.0006846174675117919 0.0011751252845036161   
307 3070 0.011251880830714395 52.994302890567745 0.0003248039321689043 4.1480644442100367e-04 0.0006975469371889827 0.0012695409341447988   
308 3080 0.00975922682017579 51.04761501997546 0.0002379406254183417 2.3794062541834170e-04 0.0006669151096403115 0.0013776452858756045   
309 3090 0.00887775044604387 51.637851017434784 0.00016686311065015682 1.6686311065015682e-04 0.0005368375230531728 0.0007271176146887422   
310 3100 0.008142196342021785 53.32183172334856 0.00016686311065015682 2.5613363098545569e-04 0.0004094791791170914 0.0006749560242750279   
311 3110 0.007951221277823012 51.98352355965086 0.0001328482543663412 1.3284825436634119e-04 0.00030583108016890104 0.00046977632269996157   
312 3120 0.008637944946114768 52.36606619657932 8.905369886649701e-05 8.9053698866497011e-05 0.0001609542017355289 0.0003996111083110647   
313 3130 0.008740305666654749 58.233107136923884 7.125628528382359e-05 7.1256285283823593e-05 0.00020076688053979807 0.0003935252187819232   
314 3140 0.008465651152164742 57.98225555570211 7.125628528382359e-05 8.4405949732592906e-05 0.00016012150501999346 0.00047863155875155813   
315 3150 0.00808357383340984 57.49203506784269 7.125628528382359e-05 1.1190703267607495e-04 0.00017348967346423875 0.0002523424519642928   
316 3160 0.007237104753099941 60.71413816562781 3.429873474367206e-05 3.4298734743672062e-05 0.00022852501200153693 0.0003410251772272704   
317 3170 0.006951150576017961 60.08225220929427 3.429873474367206e-05 8.8155836440299346e-05 0.0001481604246006968 0.00037058584790912024   
318 3180 0.006683008728687496 62.39532063598739 3.429873474367206e-05 4.7801649692673302e-05 0.00013577888767308735 0.00023985162464412185   
319 3190 0.005916033523197856 63.42180145149394 3.429873474367206e-05 5.9051730168846610e-05 0.00011093860400512619 0.00021040088914742183   
320 3200 0.005189822563124902 64.69778631704892 3.429873474367206e-05 3.7898588376497082e-05 9.170081363680023e-05 0.00015522424852947025   
321 3210 0.0047531102707354805 68.06903368897963 2.9266595012685408e-05 2.9266595012685408e-05 5.290750107220585e-05 0.0001331025506258958   
322 3220 0.004652438232393044 66.92518894368077 9.569930869497792e-06 9.5699308694977925e-06 4.915951230486465e-05 0.0001209093290235955   
323 3230 0.0041474829612747335 68.20798950374139 9.569930869497792e-06 3.6678582741049029e-05 5.76138810196622e-05 7.136686438222065e-05   
324 3240 0.0036085260741800804 65.9629794226572 9.569930869497792e-06 9.9023476000193817e-06 3.838313372697289e-05 6.284875672046638e-05   
325 3250 0.0032211709788334576 62.43541589571475 9.569930869497792e-06 1.0318672964516217e-05 1.9439733281537902e-05 6.063482454308358e-05   
326 3260 0.002967789800638015 63.186895711706654 8.243916559675092e-06 8.2439165596750916e-06 2.4620770964473684e-05 4.028910210215561e-05   
327 3270 0.00297828945469307 62.028561682375155 5.0107177621278545e-06 5.0107177621278545e-06 8.849657304716149e-06 2.4408465586158593e-05   
328 3280 0.0029586505406271084 59.76356671861938 5.0107177621278545e-06 7.9067051816783744e-06 1.656569328506662e-05 3.480458693664292e-05   
329 3290 0.0027036008707342863 62.52325117487958 5.0107177621278545e-06 6.4554784937179791e-06 1.6052321148497987e-05 2.8389499963679197e-05   
330 3300 0.002559655343172231 63.616373113778835 4.66213694009645e-06 4.6621369400964503e-06 2.2396358836225396e-05 3.25772176765112e-05   
331 3310 0.0021659468066631453 64.52592139237507 2.8096352983599154e-06 2.8096352983599154e-06 1.0768698557142715e-05 2.3316379252963112e-05   
332 3320 0.002071098526110767 59.68737578013035 1.7831129805643048e-06 1.7831129805643048e-06 1.1079027383941174e-05 1.5136989263535447e-05   
333 3330 0.001964860121207631 61.46101342934004 1.7831129805643048e-06 3.4439972502806694e-06 6.917309374398513e-06 1.0742240659987635e-05   
334 3340 0.0017535834768312377 63.89639466309555 1.7831129805643048e-06 2.6226888495287569e-06 5.511119731421268e-06 8.835435186722512e-06   
335 3350 0.001513189451451513 63.68409590786236 1.6441823342696067e-06 1.6441823342696067e-06 4.469697451701605e-06 1.4004737513720618e-05   
336 3360 0.0013082698681368377 62.67540459885419 1.6441823342696067e-06 1.9595448465043983e-06 3.724690852841984e-06 8.176700563846681e-06   
337 3370 0.0011619427277260084 60.33270838259554 1.6441823342696067e-06 1.7867339802916849e-06 2.5400823701383855e-06 6.1344469227805415e-06   
338 3380 0.0010499470167948464 61.30316712219377 6.359125722914865e-07 6.3591257229148648e-07 2.799969133389494e-06 5.995749467904599e-06   
339 3390 0.0009318685318951447 61.56077770881527 6.359125722914865e-07 1.2988091895634505e-06 2.027198030604099e-06 4.3444495887313945e-06   
340 3400 0.0008392449096110096 60.29638460538776 6.359125722914865e-07 8.1865380400477591e-07 1.2940125563162032e-06 2.698803015115333e-06   
341 3410 0.0007481162867109605 60.370385438675044 6.359125722914865e-07 7.0791723379994604e-07 1.227384322449946e-06 2.3672588996621352e-06   
342 3420 0.0006866748486576997 60.69766417263414 3.6984861709931727e-07 3.6984861709931727e-07 8.317088251457673e-07 1.6953239559007965e-06   
343 3430 0.0007164855532502167 62.2762014811098 2.998569644793355e-07 2.9985696447933551e-07 6.874868195221619e-07 2.0201351614216186e-06   
344 3440 0.0007119121773654684 60.842407709692175 2.644520545907205e-07 2.6445205459072051e-07 7.727302854326859e-07 1.0318257462906285e-06   
345 3450 0.0006837809006315176 57.296707323766014 2.644520545907205e-07 4.2893229934620766e-07 6.866552377367841e-07 1.436716575413206e-06   
346 3460 0.000604782319968873 55.839545737051274 2.154463749887355e-07 2.1544637498873549e-07 4.542896321518781e-07 1.1115780012757745e-06   
347 3470 0.0006124898477235897 57.5454357167794 2.154463749887355e-07 2.7032294642150895e-07 5.795778264085927e-07 8.667752661040772e-07   
348 3480 0.0006012351403101465 62.509031023086045 2.154463749887355e-07 2.2906294403691441e-07 3.822335890389939e-07 5.820966106073662e-07   
349 3490 0.0005322450175005194 63.531261309799376 1.282596800091705e-07 1.2825968000917050e-07 3.3462552729554944e-07 8.830113041449943e-07   
350 3500 0.0005190586458408489 65.16036129176206 9.366533833011946e-08 9.3665338330119465e-08 3.518278651878065e-07 5.166022990253709e-07   
351 3510 0.0004806378640950097 63.383497835061 4.202541114053645e-08 4.2025411140536447e-08 2.014851256799372e-07 3.827832828468229e-07   
352 3520 0.0004294189162857557 64.8223866032427 4.202541114053645e-08 4.6956538735423194e-08 1.9984509171604265e-07 3.73223001688314e-07   
353 3530 0.0004282632859832429 64.76107276256324 4.202541114053645e-08 9.3782378863120307e-08 1.683988284888103e-07 3.214145180152021e-07   
354 3540 0.00038182218183676985 62.663601747647924 4.202541114053645e-08 6.1458972960897494e-08 1.4665223515211824e-07 3.338883676379115e-07   
355 3550 0.0003770978989100017 65.26297802133642 4.202541114053645e-08 5.0155686143943160e-08 1.303686677623447e-07 2.310612755311091e-07   
356 3560 0.0003542758493796686 63.46408963520937 4.202541114053645e-08 6.6391015359394574e-08 1.5894842460894075e-07 2.877524794347837e-07   
357 3570 0.0003466458145738777 65.74899421861483 4.202541114053645e-08 6.5543607776067691e-08 9.805862253810865e-08 2.733755322066527e-07   
358 3580 0.0003165959163974173 62.84162510544318 4.202541114053645e-08 4.3673188539387276e-08 1.5552514128703746e-07 1.743652517280632e-07   
359 3590 0.00028102331550429184 61.029502764557684 2.201875164611972e-08 2.2018751646119720e-08 9.671535096256628e-08 2.01630054041581e-07   
360 3600 0.00025569441138191665 58.56647662099814 2.201875164611972e-08 2.3202363387545242e-08 1.0084321548693368e-07 1.3746223140542216e-07   
361 3610 0.00023045866841949966 57.90264917741735 2.1617061106519003e-08 2.1617061106519003e-08 5.547210006006337e-08 9.609809002208313e-08   
362 3620 0.00021601140572939905 60.778336995920625 6.586650688040232e-09 6.5866506880402323e-09 4.1119742791911396e-08 5.322436587649128e-08   
363 3630 0.00020742005598407308 57.45958221546934 6.586650688040232e-09 1.0987475016307434e-08 2.967040775561362e-08 4.8797514619687724e-08   
364 3640 0.0002010418058733214 60.44515606342141 6.586650688040232e-09 1.6215831534756586e-08 3.3531682342437325e-08 5.8982502900340674e-08   
365 3650 0.00019749641938894487 64.20874045311211 4.3945494666959815e-09 4.3945494666959815e-09 2.7810566229724074e-08 3.5919664111365846e-08   
366 3660 0.00018612701272551854 61.36871173817875 4.3945494666959815e-09 1.3566595154737172e-08 3.119074044151053e-08 5.065338261659463e-08   
367 3670 0.0001648923523319665 59.15669938730927 4.3945494666959815e-09 8.3366289436039918e-09 1.9729671789630613e-08 3.9881791169897355e-08   
368 3680 0.0001555668104585116 61.76572459626524 4.3945494666959815e-09 8.6657412098518136e-09 1.6065349290917324e-08 2.9048085210179484e-08   
369 3690 0.00013716546487255808 64.46725175056703 4.3945494666959815e-09 7.2496316400945449e-09 1.6022134298246037e-08 3.521869199805345e-08   
370 3700 0.00012124322573268671 64.05226976956219 4.255631260339094e-09 4.2556312603390944e-09 1.0795441152444662e-08 1.7293621416244657e-08   
371 3710 0.00011902408584033834 60.31096696000622 1.8947699946331426e-09 1.8947699946331426e-09 8.200139353411064e-09 1.6354366016900686e-08   
372 3720 0.00010923073747325714 60.81140209237304 1.8947699946331426e-09 2.6991224242046572e-09 6.7958606193323635e-09 2.1089282454747834e-08   
373 3730 0.00010542594246450702 62.44516287445589 1.8947699946331426e-09 3.2938389597901114e-09 6.9921826594939756e-09 9.858681392473226e-09   
374 3740 9.562815391679707e-05 66.97976698068976 1.8947699946331426e-09 3.2892116960093889e-09 9.528407895389891e-09 1.655777969045264e-08   
375 3750 8.953703752508935e-05 71.12094028726183 5.974128541481081e-10 5.9741285414810810e-10 4.186201071392312e-09 8.926880773513888e-09   
376 3760 8.51622160419156e-05 70.8886210731762 5.974128541481081e-10 1.2031532046936897e-09 3.3712940578909444e-09 7.061776005393625e-09   
377 3770 7.98992052935925e-05 67.70415609693308 5.974128541481081e-10 1.8400498060157455e-09 2.658098039529868e-09 6.8589753197662186e-09   
378 3780 7.302416467959533e-05 67.33928935479652 5.974128541481081e-10 9.6462953643797026e-10 3.460872221912851e-09 7.382043443418265e-09   
379 3790 7.010713767399013e-05 66.69177927832887 3.403566956078294e-10 3.4035669560782939e-10 2.856661746969231e-09 5.3827801312992905e-09   
380 3800 6.932578679509092e-05 66.10962570353102 3.403566956078294e-10 6.6520488797031737e-10 1.7514287953286603e-09 3.2222695898563277e-09   
381 3810 5.869106415318758e-05 67.12406950433447 2.9614720440959566e-10 2.9614720440959566e-10 1.6448389205610355e-09 2.210306533887003e-09   
382 3820 5.6053426241525704e-05 67.21762059930867 2.9614720440959566e-10 5.8811633354574839e-10 1.119832293126071e-09 2.0759101052495857e-09   
383 3830 5.190414889603534e-05 66.06234484514687 2.9614720440959566e-10 5.5013285282433378e-10 1.8823092926818033e-09 2.4922673275671713e-09   
384 3840 4.748557840347482e-05 66.0020460736258 2.9614720440959566e-10 6.1881502634464444e-10 1.467007620713824e-09 2.0026470376679193e-09   
385 3850 4.404682481606322e-05 66.84183822624915 2.9614720440959566e-10 5.2033918129683552e-10 1.1352868900259304e-09 2.6101900514410418e-09   
386 3860 3.90597768044853e-05 66.83151696137868 2.9614720440959566e-10 3.5440696462894275e-10 6.765563092106492e-10 1.4850342300649217e-09   
387 3870 3.648383930678534e-05 67.11715834467387 1.9130856796150987e-10 1.9130856796150987e-10 6.844041559136771e-10 7.978317743271811e-10   
388 3880 3.3444981040612394e-05 68.80607910237603 1.6061834170726096e-10 1.6061834170726096e-10 5.38759146629524e-10 1.0425855148503763e-09   
389 3890 2.865733444502164e-05 67.69828101772455 6.394096808207713e-11 6.3940968082077130e-11 3.205305983590111e-10 6.357454695539623e-10   
390 3900 2.550803056067933e-05 68.3744409787872 6.394096808207713e-11 1.2728193576487759e-10 1.994166415365674e-10 6.258551507363637e-10   
391 3910 2.218547390557616e-05 65.29580504172522 4.004424602162985e-11 4.0044246021629849e-11 1.2026993457065465e-10 4.3185370967313523e-10   
392 3920 1.9991949843283798e-05 63.733929587071124 4.004424602162985e-11 4.1165341295317202e-11 8.378076307968906e-11 1.1068238174384324e-10   
393 3930 1.6881669571770885e-05 64.19967111886893 4.004424602162985e-11 4.7161837364677368e-11 8.647425777315188e-11 2.2665910802229164e-10   
394 3940 1.479565014094517e-05 67.15299725748146 2.6842513016132715e-11 2.6842513016132715e-11 8.356922420533654e-11 1.1777882510727705e-10   
395 3950 1.3891537990046212e-05 67.06509254769546 2.6842513016132715e-11 4.4389976867675175e-11 7.713341998279767e-11 1.1902298484176084e-10   
396 3960 1.2597463658949906e-05 67.65286211240091 2.099821746913927e-11 2.0998217469139271e-11 7.999079288346443e-11 1.353363103880434e-10   
397 3970 1.1265445527056809e-05 70.39098542772207 1.5087220216392478e-11 1.5087220216392478e-11 4.46077801041085e-11 1.1709266393532323e-10   
398 3980 1.0380188170761964e-05 70.57278091595097 1.5087220216392478e-11 2.2998612868777433e-11 4.411288022056708e-11 7.306953453777442e-11   
399 3990 1.0213629186072704e-05 68.81638446290711 1.4273367111963818e-11 1.4273367111963818e-11 2.656267017647664e-11 5.7880579080835194e-11   
400 4000 9.829443180640925e-06 65.97121582156626 1.2234019954062098e-11 1.2234019954062098e-11 3.0630309633725937e-11 3.6694324459171764e-11   
401 4010 8.7627994660259e-06 65.72625724738039 6.182774719466827e-12 6.1827747194668271e-12 1.8375269825042003e-11 4.2569431163264705e-11   
402 4020 8.300057491998357e-06 67.6917971842995 4.33128907404253e-12 4.3312890740425300e-12 1.3554953446896957e-11 4.1435539432752654e-11   
403 4030 8.165517257907609e-06 63.63757393908861 4.33128907404253e-12 7.6755968633979259e-12 2.2256640284486885e-11 3.4100859351635165e-11   
404 4040 7.238782983189848e-06 62.270942678572766 3.748608402258222e-12 3.7486084022582221e-12 1.524171210735925e-11 2.419538404632874e-11   
405 4050 6.5619257113782896e-06 62.08699849993842 3.748608402258222e-12 4.8688970727302381e-12 1.1896770482172703e-11 1.5710712571772262e-11   
406 4060 5.922695471678528e-06 61.66118849670532 3.748608402258222e-12 4.5502552173182896e-12 9.146431293399377e-12 1.724855563022998e-11   
407 4070 5.660351884754409e-06 62.458977831970536 2.240500370456084e-12 2.2405003704560838e-12 6.946431142968925e-12 1.1478875298975576e-11   
408 4080 5.339755334408175e-06 65.51294565723336 2.240500370456084e-12 4.6620348924141222e-12 9.169820605458911e-12 1.423312112254912e-11   
409 4090 4.544800668401411e-06 66.31482233351602 2.182434421932704e-12 2.1824344219327042e-12 1.1552430915160322e-11 2.4407057980276797e-11   
410 4100 4.342876294111205e-06 65.95956387510907 1.1579368809520573e-12 1.1579368809520573e-12 4.924389891913735e-12 9.978002099819902e-12   
411 4110 4.0175990256852205e-06 63.26148790436043 1.1579368809520573e-12 1.5544654254361822e-12 3.2863091474247625e-12 6.946437410448208e-12   
412 4120 3.779590036896542e-06 62.95811875671659 8.566476052937083e-13 8.5664760529370835e-13 2.2021796456303845e-12 6.381505339449284e-12   
413 4130 3.304795904425823e-06 63.982097988905394 7.591678162277183e-13 7.5916781622771834e-13 2.965402144538858e-12 4.486143198289632e-12   
414 4140 2.8751910806142592e-06 64.26049368537922 7.591678162277183e-13 1.0984384257956684e-12 2.387665986078909e-12 2.707078273056288e-12   
415 4150 2.760496367993123e-06 65.7604927019908 5.114308322167219e-13 5.1143083221672185e-13 1.8305282924182593e-12 2.8695423804633967e-12   
416 4160 2.8061717521369537e-06 67.4444532499552 3.7776767137701883e-13 3.7776767137701883e-13 1.2664363366846236e-12 1.8944067805627044e-12   
417 4170 2.949131407894924e-06 67.53090084051564 3.7776767137701883e-13 5.4763015113877935e-13 1.2421089777113919e-12 2.2832373395969246e-12   
418 4180 2.7539757211043233e-06 65.5082686456199 3.7776767137701883e-13 5.7043126812929945e-13 1.2996791409407948e-12 2.3311282736901516e-12   
419 4190 2.4719613304380337e-06 64.45713973385382 3.7776767137701883e-13 6.1393917074597110e-13 1.1615402375828871e-12 3.100167285539923e-12   
420 4200 2.2139792360769673e-06 64.56458647706843 3.7776767137701883e-13 3.8752707803535919e-13 9.196801972556919e-13 1.3716945471429436e-12   
421 4210 2.2718731828738963e-06 65.1490128597463 1.1190756026376689e-13 1.1190756026376689e-13 5.967186152198263e-13 1.5250204059362351e-12   
422 4220 2.11332226622628e-06 61.2567613490992 1.1190756026376689e-13 1.8835597862491680e-13 4.80048039917916e-13 1.945162114308132e-12   
423 4230 1.924149320929902e-06 58.511536688933745 1.1190756026376689e-13 1.6901034594850496e-13 5.707603496195374e-13 1.0089791952670425e-12   
424 4240 1.6826423320118005e-06 56.55624897530097 1.0873691426789709e-13 1.0873691426789709e-13 3.7356192770249996e-13 8.023679495593532e-13   
425 4250 1.5294545460032873e-06 57.240733300072066 1.0873691426789709e-13 1.4845936145662050e-13 2.5569691708878323e-13 4.154934606378938e-13   
426 4260 1.4745999424268689e-06 57.28045373542494 1.0873691426789709e-13 1.1727755925594586e-13 3.4364634156928853e-13 8.255326861307901e-13   
427 4270 1.421860995499074e-06 57.98556111463974 7.783898692116004e-14 7.7838986921160041e-14 2.338089733507562e-13 4.83698859805225e-13   
428 4280 1.2345726448811598e-06 53.26678446485784 7.783898692116004e-14 8.7571090044082221e-14 2.2476144749697083e-13 3.766678687990631e-13   
429 4290 1.047713548778597e-06 52.473809489917684 6.048509543029629e-14 6.0485095430296294e-14 1.11632251628163e-13 2.501852955418306e-13   
430 4300 9.358186542384151e-07 52.97763947364608 5.679360019227431e-14 5.6793600192274312e-14 1.176657274263989e-13 2.03903909274342e-13   
431 4310 8.377961356698356e-07 52.8445631771627 2.702938809161326e-14 2.7029388091613259e-14 1.0885325413618452e-13 1.9813248814864698e-13   
432 4320 7.78798588440131e-07 51.09077150246848 7.565329733748689e-15 7.5653297337486886e-15 5.26370079862595e-14 1.2211189992755193e-13   
433 4330 6.811366127065861e-07 50.34513832056263 7.565329733748689e-15 1.9607616591078174e-14 4.44358795423241e-14 8.550293239579597e-14   
434 4340 6.380708434821161e-07 50.34503661475781 7.565329733748689e-15 2.4545211415599230e-14 3.7668761477799066e-14 9.324232124501649e-14   
