% # columns="iteration, evaluation, void, void, void, xmean", seed=164562, Sat Jun 13 19:22:02 2020, <python>{}</python> # scaling_of_variables: 1, typical_x: 0
1 10 0 0 0 -0.1406789804435684 0.12620271316621615 -0.2476108823748119 0.22547964607759735 -0.042680935597922305 0.1234004820803512 -0.08933523746810226 0.1938620884995097
2 20 0 0 0 -0.3463402094884265 0.020859892759109072 -0.11898484188566735 0.3605775911557768 -0.06745288819840704 -0.16553277034404096 0.012471152280091977 -0.03532336163268179
3 30 0 0 0 -0.12155154043902106 0.032487305816291806 -0.03345255311233103 0.26132498022283523 -0.33000837826021134 0.11433241274397155 -0.30065060407690936 -0.04078459286794674
4 40 0 0 0 -0.13703059604441048 -0.09401934767291761 -0.13238025111256638 0.07723527751385056 -0.26872564518912695 0.2649433822401221 -0.16639994367316285 -0.013224490859475146
5 50 0 0 0 -0.04456543236835353 -0.13591161773800345 -0.03614575011438363 0.1267168849721726 -0.37547631395265796 0.2702752215899527 0.07203156902379126 0.052290767022031864
6 60 0 0 0 0.3007510591899131 -0.009310027849653651 -0.10304829514385618 0.0758156362084528 -0.2648277257168724 0.22905339901553964 -0.12459830363937985 -0.07643929875423391
7 70 0 0 0 0.24413469060675727 0.0018911675597424963 0.03836510924325888 -0.006314024438943577 -0.17263738748489632 0.2795052269791303 -0.04127126335515219 -0.11964275757515061
8 80 0 0 0 0.3910957770284583 0.14795208720984443 0.1281808839646933 -0.11061390430871317 -0.13861335206297734 0.11053435698163866 -0.1982487391646536 -0.02285931190414761
9 90 0 0 0 0.18304126178075958 0.0669391594826808 0.08528592819854061 0.05170359561930525 -0.12664803331442362 0.023006790257922058 0.03515824140946422 -0.23268727285144417
10 100 0 0 0 0.0832095653644667 0.12015678598711355 0.1374525978910746 -0.05011681820430465 -0.11377489543958628 -0.01347255487169332 -0.029403757556324656 -0.1027767632318681
11 110 0 0 0 0.1204862146085322 0.03443504902060879 -0.0012690492820001398 0.07998456172441774 -0.006067931130322279 0.015891066449945833 0.006250000491024997 -0.022228159546684695
12 120 0 0 0 0.27257959241326196 -0.10346050763530523 0.02762425884819446 0.015520153289498087 0.04250408579714777 0.0690133819372879 0.0481176825319022 0.055116026206586566
13 130 0 0 0 0.3778497521731216 -0.04374178637226646 -0.05966213953203259 -0.06629055767072022 0.1608974139666286 0.16965611634869043 0.1023706852720801 0.10504508383354931
14 140 0 0 0 0.3192675659522124 0.09223018287130501 0.028420986948271512 0.11409256004451902 0.11566734087127653 0.09896218995010375 -0.038042438003690254 0.20804679091752784
15 150 0 0 0 0.3615582075077596 0.17698759073955278 0.13170403660863225 0.04776031426317606 -0.0039947748223401885 0.11694221142664075 -0.11167069553936168 0.160519898215832
16 160 0 0 0 0.3256105826295994 0.13377766182510295 0.17082713665187588 0.1694619307999337 -0.06663466091991459 0.09854037714210387 -0.10108983796901702 0.22625631669408044
17 170 0 0 0 0.43959295063035414 0.10851631150623474 0.09975650314648267 0.15109449560285462 -0.09271794033510838 0.07020986559702073 -0.041494207071900165 0.16953076984722698
18 180 0 0 0 0.39677852830338894 0.0683382363430046 0.09006124807465488 0.03265693847401363 -0.03580895130211635 0.08429350305695552 0.011247269408500467 0.15037301704318967
19 190 0 0 0 0.36592163657215515 0.0644369656036204 0.14171812363810438 0.05627621259642622 0.026859410689546975 0.11490602923948058 0.0753393325468727 0.11154020748361165
20 200 0 0 0 0.2596209999056652 0.056847923877368534 0.10948372843259915 0.08979981186271939 -0.009265758592755663 0.055708053320989465 0.07476819122925296 0.04361593046414147
21 210 0 0 0 0.2610485031017303 0.045100008858581814 0.05215673981595058 0.08045144339922582 0.024132238526186844 0.029581205124839877 0.11753818305860762 0.001265395958513403
22 220 0 0 0 0.22998503787985783 0.031590068126128516 0.03773711333421002 0.01513170828468717 0.01673505968227641 0.07657712359197427 0.03691032772869414 0.00935460477362983
23 230 0 0 0 0.15662124491262336 -0.033441063247701 0.11670828536426728 0.02026126005230351 0.0016660805023065543 0.10507977369437431 0.054275751372175385 0.009463741052900381
24 240 0 0 0 0.11082756793810158 -0.015743989036532888 0.1220635678621071 0.02610759691765447 -0.0071955143867976894 0.07020951126775754 0.013246828207529107 0.033460647979186936
25 250 0 0 0 0.11072690070152467 0.035999464243571616 0.09077303647240936 0.03266341994504665 -0.010292666374972554 0.09751048544102392 0.019648441761413966 0.03246124728417768
26 260 0 0 0 0.12067892340605482 -0.02343608713987276 0.003952837227586187 0.004485244711215246 0.037798807098454006 0.08825118967970928 0.009289589768144084 -0.02335630243861913
27 270 0 0 0 0.16878260703146034 0.02274364346956677 0.044029840388761024 0.042581619458433605 0.06063441649875043 0.07249756062075327 0.038389805620427445 0.01587393687205401
28 280 0 0 0 0.22831504224863444 0.08121541546985038 0.010206677048545582 0.05577000871143784 0.029015133682418905 0.032086728084794916 0.046214551830454136 0.029061379056404466
29 290 0 0 0 0.20998865844239606 0.04051369439603387 0.010109804793711518 0.05433054857260678 0.0006733454121023753 0.024624150716804624 0.0497485551466975 0.02213703460244739
30 300 0 0 0 0.21311865561971266 0.025011004995914583 0.025671541544826173 0.034655468780998754 0.04691834162682508 0.03625957748225849 0.049993724891124476 0.014972405249744622
31 310 0 0 0 0.25420636245453837 0.08946917121311121 0.009569935672523094 0.039078126007476996 -0.0005443571343423104 0.018301236856860942 0.023930701788513354 0.047307901813356486
32 320 0 0 0 0.26015026535282587 0.08123156589042507 -0.007708117975319784 0.02975431135327552 0.003267317696159489 0.004970167868166182 0.017679128556830022 0.02448657245465208
33 330 0 0 0 0.2960727376163854 0.08396673574433342 0.006123652888715201 0.012971826288551997 0.019228601580963945 -0.0016464424925679306 0.015895978535607484 0.0035502717834245794
34 340 0 0 0 0.2724411815166358 0.08731401637574371 0.023705616698578506 0.02281598573470837 0.01309639068939555 -0.008813330649261177 0.021805120521559328 -0.008775341408866866
35 350 0 0 0 0.23946013449204828 0.0673092729560074 0.014564423994630756 0.02844803079829303 -0.0050028624880338254 -0.0090973167221512 0.038340662548740696 -0.009266974899931371
36 360 0 0 0 0.22451208517340668 0.038548931903200565 0.017487011924130498 0.027327383500241213 -0.012360371376271136 -0.0071815679703980985 0.030678580036291016 -0.003280738470910167
37 370 0 0 0 0.2323215372226111 0.06601225479883406 0.010958141310311736 0.004156106463170561 -0.017230440830543623 -0.010310162139479426 0.03845254270091973 0.010358319998600438
38 380 0 0 0 0.24435609949126327 0.06301752634728691 0.016082122380969826 0.0025359901117938035 -0.009526615615771849 -0.01315608440910071 0.043936587909276174 -0.0006607522014918602
39 390 0 0 0 0.2504200442494947 0.07446862086428305 0.03285586055990244 0.023500213460845777 -0.004873700967355955 -0.01113870395260924 0.039137816072031435 -0.002487193949299227
40 400 0 0 0 0.2793886736086995 0.08513078089883841 0.03546923120782594 0.009062823575747433 -0.006720935264452627 0.00014345490978696744 0.015131393719007374 0.004067878216226237
41 410 0 0 0 0.31058329458497874 0.09239044406968912 0.022431357373574667 0.01032711559924017 -0.007618244868795924 0.016992653399559104 0.022036332328593724 0.003941209128615202
42 420 0 0 0 0.3513819244338398 0.11956365393069489 0.018401490464375173 0.00623825902847105 -0.0016514373326136028 0.02427470410115891 0.004583387152310412 -0.0015723576857390124
43 430 0 0 0 0.3764061681550838 0.1373916453580968 0.0117438913071858 0.004914109230736498 -0.0019865579759367432 0.025714704339380695 0.01812737603674708 -0.007367943412339306
44 440 0 0 0 0.3673027308283255 0.13903122130583703 0.031588110100051935 0.009864966864923285 -0.008477576417566787 0.013515423185940298 0.01613722885879426 -0.007612823206727508
45 450 0 0 0 0.40420799790626766 0.16311550984289058 0.044916955504614095 -0.002243464665943261 -0.012448702395424158 0.023853274406147592 -0.00465991403951662 -0.017359416697513744
46 460 0 0 0 0.36124527033974263 0.12861064918059756 0.022403276135746296 0.019748018419643257 -0.00190064957488488 0.016663301993448437 0.0032109497197395313 -0.022561548061735354
47 470 0 0 0 0.3507719258229386 0.12514929434556488 0.016717850079139226 0.024547416595564087 0.006226842944205696 0.015529548421392769 0.02128973066379794 -0.02010887322938987
48 480 0 0 0 0.40590748391761916 0.1473828674325886 0.02229076584027048 0.028888435507038686 0.018325985225180096 0.01371385358835402 0.0009346876242744967 -0.010120450292300605
49 490 0 0 0 0.38583497255714255 0.13532354028788995 0.03868479126688698 0.01193405374258883 0.006612681330127216 0.01639171742968685 0.005218361944188522 -0.00839203025389254
50 500 0 0 0 0.40855043019622117 0.15578950630579236 0.02891085950281348 0.0024023630304438187 -0.0012249133943332616 0.0046900527493610004 0.017706569090546954 -0.01311251366025296
51 510 0 0 0 0.45713284325553616 0.19386278442607016 0.04194761594858956 0.004758906726065407 0.009313751487768234 0.005046793151847779 0.0010016961577278966 -0.009943694806470529
52 520 0 0 0 0.4484177813365639 0.1952230925169552 0.03650603192372682 0.0048478085272565 0.028208011666084987 0.012257616524065228 0.006241380283436349 0.004522638766843499
53 530 0 0 0 0.43869648977385095 0.19020022999188602 0.020288184674298427 -0.0009424580499570708 0.024317273918937215 0.021774358321119625 0.014245721453353614 0.006219070211658657
54 540 0 0 0 0.45299158290256525 0.19401683314953433 0.039928204255019153 0.008117684083778883 0.024666558536844487 0.011734649978964316 0.011884562155003832 0.00805064109466523
55 550 0 0 0 0.4918078578519519 0.22114894432270735 0.06591135100051358 0.017041678355775084 0.018913599033541437 0.017584857376297117 0.001942999075922611 0.021382938762715572
56 560 0 0 0 0.4889774320121444 0.24084492998097345 0.06211830646384843 0.01557840996233306 0.02080351792591595 0.012313852497501797 0.006360550765545336 0.015172455167861322
57 570 0 0 0 0.5417561421546471 0.28338181793356454 0.09447150460114309 0.0290726209758225 0.0025769939711373056 0.023572996302949588 -0.01125919867353703 0.004234429841425131
58 580 0 0 0 0.5210087336265466 0.26609594659436975 0.09122437261759656 0.02359608171131731 -0.01061268044729375 0.028010616011319427 0.0023451334688827583 0.009866352279841192
59 590 0 0 0 0.5236471834712058 0.2613753968305452 0.07430150369116363 0.029901573096641057 0.011354515179463252 0.0007626654033709677 -0.003531485395028136 0.0077052886445092405
60 600 0 0 0 0.541798830652091 0.2684333720494614 0.0668984799129328 0.020307064374321324 0.006543090169825511 -0.00815819729852395 0.01230340177509659 0.010220122136963357
61 610 0 0 0 0.551716251462788 0.28422999962821477 0.07171557756294757 0.026228626741433524 0.003337320207054669 -0.005326872711633433 0.013731880894793927 0.010111480140034901
62 620 0 0 0 0.555972652322947 0.2854965510338295 0.0787482815738656 0.025572223185483006 0.00014105476423086852 0.006939781830992135 0.008570016360632312 0.004143711144706836
63 630 0 0 0 0.5524810775909558 0.2868271939814299 0.08610174265831719 0.029567589205925414 -0.006858986923044799 0.015152438280710546 0.011450107389716467 -0.0021262765499554213
64 640 0 0 0 0.5894021753609884 0.31609587584734583 0.0995394347836004 0.031140606329499162 0.0037141675417411016 0.0184835045093127 0.0024011016388276653 0.004543152412900616
65 650 0 0 0 0.5910595369920517 0.3302725992968348 0.1081737400751684 0.03734938065279034 -0.0012307688345756735 0.027651300244268998 -0.00774626224461736 -0.0004336562812851394
66 660 0 0 0 0.6175757239982088 0.35769669449276414 0.1347509205165562 0.03936743743767354 -0.007993487640470542 0.03947329714846697 -0.012054788469237016 -0.0009350974567766356
67 670 0 0 0 0.63163481029365 0.3787121324335685 0.1403956705594678 0.038030944797415873 0.005852286297718966 0.035984829693835395 -0.013691787215574435 0.0030293726077984043
68 680 0 0 0 0.6098235848997349 0.3579464491794604 0.13737631349470894 0.033584946881685424 -0.0021152248918336735 0.03171441039366563 -0.002464907045018337 0.002656947499908613
69 690 0 0 0 0.6252249779111128 0.38015047486234155 0.13782215091997457 0.04049981729464703 -0.004896236416490257 0.022476662938216443 -0.0022353838852641056 -0.0002054191280680467
70 700 0 0 0 0.6377418629834628 0.39690171443287803 0.1526196191807043 0.03444701887806352 -0.008298575241777777 0.019387678131777802 0.00533140692475611 -0.00481713781306412
71 710 0 0 0 0.6614768313187948 0.41623158660474213 0.16859760149216715 0.03500444177361681 -0.005324609905623236 0.0249720063807128 0.0010910462044961197 -0.0008152492220283797
72 720 0 0 0 0.6745659805908246 0.44719719498749333 0.19333494391425735 0.03760181139223701 -0.01626490312984894 0.020168475451039142 0.005261201920783425 -0.009812462249705427
73 730 0 0 0 0.6716625795398452 0.4441944016460264 0.20099050849604747 0.0307730987001261 -0.011460146237699587 0.010408573910189319 0.011469129946361708 -0.0016990695498169707
74 740 0 0 0 0.7061006961266214 0.48599007748973916 0.23499802981838674 0.049891149393254446 -0.008780111838274627 0.015899499459178887 0.004385061341321463 -0.007270277778553033
75 750 0 0 0 0.7095393871466674 0.49989755399290403 0.24660222924030828 0.03849531819305784 -0.013581295016111161 0.017736207370811597 0.0006622435963325197 -0.0038311942286497393
76 760 0 0 0 0.7344097491279887 0.5548358497355094 0.29142524293435085 0.0558056131985613 -0.02234648506067322 0.011088324248011247 -0.0058150193117281965 -0.006820087930553951
77 770 0 0 0 0.7139621352181624 0.5192271519565889 0.26304072082090957 0.06594261218074146 -0.017525684318120693 0.022224000671783886 -0.0034505476395641724 -0.007991740275086043
78 780 0 0 0 0.7220247209840204 0.5458642225650898 0.27537894193959034 0.05980404172850841 -0.0062440009732024 0.035819050199153574 0.003949716931030242 -0.015506830315640832
79 790 0 0 0 0.7311616968348316 0.5495537299136738 0.2977686951240769 0.05536648679848195 -0.009460767745575875 0.02016419930171566 0.0012796472689693451 -0.01684968490885221
80 800 0 0 0 0.7238369864614176 0.5273686987793843 0.2680833637450979 0.04953391462377771 -0.003160159557502073 0.022614139707985682 0.009998076886578949 -0.019603053159512007
81 810 0 0 0 0.7161673257596409 0.5210624887335283 0.2625936945173656 0.062079520712034215 0.0003146792077209316 0.012125202968203852 0.009164420819449655 -0.01753130543379278
82 820 0 0 0 0.7346808757400956 0.5480867145369933 0.29235196564964244 0.07867073668968382 -0.00318704145055467 0.015400960609082429 0.004962824584092089 -0.022923368016674446
83 830 0 0 0 0.7349740271288687 0.5354066483958808 0.2799474060178372 0.07693258179119819 0.002271763985747111 0.019355781047750396 -0.007063115881893099 -0.014222250545241585
84 840 0 0 0 0.7276278232988955 0.5438644343335506 0.2885353201654117 0.08387920818493935 0.011377839735200072 0.016392559774628706 -0.0019576759500722187 -0.014212853148613968
85 850 0 0 0 0.744494043634397 0.5577434325395358 0.30195195498241156 0.08421121588167449 0.011413332726690224 0.014791455112756723 0.006631011636736823 -0.013717078813269057
86 860 0 0 0 0.7419056508331783 0.558481236738281 0.29956621887853746 0.09041931192711006 0.013626211095790918 0.019339678264092285 0.0032136504363769794 -0.013087916106159307
87 870 0 0 0 0.7455091813539892 0.5724875659639119 0.31106925799166935 0.09777523530751217 0.014192787416743891 0.01189677078180603 -0.002699846064587962 -0.010805503956821174
88 880 0 0 0 0.7534155181130298 0.5823101180780266 0.3229217706556122 0.10754307729461678 0.008680517553427308 0.013652110326671718 -0.0056688450036586485 -0.012674859712856994
89 890 0 0 0 0.768048658507895 0.5965693840822094 0.3412294630373285 0.11727599494346909 0.008318815127904099 0.009241842544854143 -0.006344305996640927 -0.015530940281421681
90 900 0 0 0 0.7714719694988663 0.5927366680975932 0.35328647841936667 0.12144515272304522 0.004187985821834597 0.00987474405181372 -0.011828128206619243 -0.01184480943684915
91 910 0 0 0 0.7755230908665735 0.6092943313927105 0.370852642032424 0.13883345763127053 0.0004782236089128319 0.0019096609357636182 -0.0046627023474533945 -0.010889589154388531
92 920 0 0 0 0.7936767533112637 0.6265375830334153 0.38458521555584224 0.13997082225524526 0.004863519323011604 0.0057948941582328575 -0.007729869582396495 -0.01049248784633515
93 930 0 0 0 0.8085419754526919 0.6444484222507068 0.3977580617324027 0.14634628237457836 0.011159018650321494 0.0005483327316071242 -0.001410660551984729 -0.010345542373487681
94 940 0 0 0 0.7842997464809854 0.6071378199724928 0.3665396773077024 0.13255046530540562 0.011034643184316935 0.01331383146132639 0.00383117652526504 -0.005493569065537613
95 950 0 0 0 0.8026532426393157 0.6253755544410033 0.38029044424002184 0.14160341498031137 0.01790693591599404 0.0075026818743388676 -0.0003023035995587736 -0.008524120087026474
96 960 0 0 0 0.7929751680813565 0.6216898706863657 0.37663166725942937 0.14204056436534476 0.023153905438984716 -9.00185620312452e-05 0.0073116451753645825 -0.005302029249729913
97 970 0 0 0 0.8032242808758856 0.6423542156626838 0.40193239388134183 0.15338561070295423 0.024428235478878204 -0.01166757089999615 0.00994410343162351 -0.010788783185376858
98 980 0 0 0 0.8001547782096134 0.648771854057582 0.4077898130650974 0.16041330980859259 0.03095999806681092 -0.004681103139507772 0.010181972808795525 -0.007879225791287615
99 990 0 0 0 0.814896287882006 0.6659756607264066 0.433850188411982 0.1837760657444156 0.04287393645426806 -0.0010548433113693606 0.023634801497068213 -0.007792110391799313
100 1000 0 0 0 0.8153615203360789 0.6584536972242437 0.41779670086140225 0.1748045818240645 0.04684723639346545 0.008760917083323506 0.014445059421434488 -0.010130555239045385
101 1010 0 0 0 0.8164796361766457 0.6595751024598643 0.4288430609822985 0.17616860487227207 0.03708955338011655 0.00954779332971276 0.015368942851703546 -0.012036340818153727
102 1020 0 0 0 0.8281675508395947 0.674009193713877 0.4398490608751453 0.18436307881365702 0.04292150159438279 -0.0018978810298241819 0.02459661117274562 0.001983039741796486
103 1030 0 0 0 0.812791925127117 0.6692654975667254 0.44852919837814226 0.19265985462778107 0.03359068809656209 -1.024112204425407e-05 0.013685249313565647 0.007033357330510476
104 1040 0 0 0 0.8311147657840467 0.6955425813104975 0.47018494881500167 0.20611348636248517 0.043804788635958804 0.008108670449876638 0.013242616807384748 0.0047803112934845125
105 1050 0 0 0 0.8406452091678878 0.7092175303762384 0.4956866818453073 0.23039556696668687 0.05285429999933395 0.007373507358013301 0.010726128042441968 0.0010950696575508087
106 1060 0 0 0 0.8344979875173972 0.6922083263339447 0.48674577936806 0.24128962289849928 0.06213600178013489 0.00679064073130195 0.018329361558205356 0.00852708650596735
107 1070 0 0 0 0.8360255553202296 0.6938389111550336 0.487091003060409 0.24278159626928877 0.06441974772963115 0.017366781633649818 0.014141906160583938 -0.0027332318824338526
108 1080 0 0 0 0.8577610813337224 0.7302075076702462 0.5237699132523473 0.26989484480311193 0.06697136904530926 0.013154394442053668 0.025853261587234652 -0.0073607658967408205
109 1090 0 0 0 0.8568102912956338 0.7464627706391217 0.5358720175731242 0.2837924634166681 0.07580119985470807 0.010173072978667303 0.012637769332767232 -0.005705966083297825
110 1100 0 0 0 0.8649063869012997 0.7445661202619583 0.5339147283193499 0.29052812752623847 0.08820114876767726 0.007111315273551848 0.012374146011096808 -0.011429917062507289
111 1110 0 0 0 0.8555660207079484 0.7520708410407452 0.5536962889044063 0.3044136816073466 0.10234762920080756 0.008192560616874841 0.008970175119309252 -0.005618952729263802
112 1120 0 0 0 0.8593773794685946 0.7584513190348084 0.5653274496950786 0.3213319794935096 0.11576424923843076 0.0173071155305657 0.0059040475191372566 0.001753016916139172
113 1130 0 0 0 0.8758429913773795 0.7718592896133571 0.5880145095380128 0.33822614024668474 0.12011488436755284 0.02109173433061754 -0.0030907054948588406 -0.007512975453028461
114 1140 0 0 0 0.87370746292343 0.7578547512628785 0.5656076885244999 0.3177760552912022 0.11490454688344595 0.02723629564269888 0.0064538441135168 -0.01573323866199778
115 1150 0 0 0 0.8691406754322877 0.7634064548436537 0.5833391731171053 0.33156835068631496 0.10395164298615411 0.021732411577538194 0.012199619755696597 -0.013512774843017968
116 1160 0 0 0 0.8951443094441731 0.7950270919839889 0.6161966562814246 0.3626700024279215 0.11789854342376349 0.030249883306229193 -0.0025845127788858887 -0.01869706855121612
117 1170 0 0 0 0.9057431333822366 0.7932352618042718 0.6150826107672549 0.38469352076148144 0.12267498986892611 0.030731164931585286 0.005231386474265225 -0.011711460646861726
118 1180 0 0 0 0.9011713081697936 0.8097096517677199 0.6384265023847908 0.40025672921280464 0.12640114449417117 0.02015937582620559 0.006077863492342983 -0.008430328073160432
119 1190 0 0 0 0.890380689152249 0.7900037195238454 0.6164122778982909 0.39651360626340854 0.13715964728950455 0.02092395275711468 0.013151964454668057 -0.0029376502150358433
120 1200 0 0 0 0.8823079508729625 0.7874043498205617 0.6148750221633871 0.39374304099550284 0.13630763345424343 0.014599556638015786 0.018229983511274285 -0.003165840096946471
121 1210 0 0 0 0.8771820035995405 0.774310482616455 0.6211293712252288 0.400457695708159 0.13673295885986286 0.021448520017690563 0.01739993777715761 -0.007490787728736481
122 1220 0 0 0 0.8848236560650692 0.7829779248337386 0.6217119508045518 0.40377299199813954 0.15016867330938136 0.04025458136658849 0.01554435066921683 -0.025202660525528137
123 1230 0 0 0 0.8879226435805226 0.790120665402349 0.6327935424714273 0.41520560186291716 0.15702349503120377 0.04530493301726937 0.022612804576451283 -0.026803563329884813
124 1240 0 0 0 0.8732801995705867 0.7778007948266581 0.6280808500736421 0.4200425471585676 0.1644709432542427 0.0490489345861513 0.023604857244371034 -0.02403568672464731
125 1250 0 0 0 0.8918359353294996 0.8011184286480477 0.6547933829696561 0.43724536642713235 0.18180042899211143 0.06251026980760661 0.018722148582218545 -0.03641656539244256
126 1260 0 0 0 0.9079928274596324 0.8271417556829388 0.6862642317679452 0.4688471559124111 0.201771212066054 0.054318387782742956 0.017165957102381044 -0.03832299898551652
127 1270 0 0 0 0.9122470034212796 0.8346798662816216 0.7061344457928627 0.49729299273364896 0.2208703312711867 0.05965851369887011 0.033231247410456924 -0.03094806840779637
128 1280 0 0 0 0.9123013530622678 0.8262043566914056 0.6856453231530251 0.478583402322129 0.2084480689544574 0.05056159155620724 0.036709292501047375 -0.03539572345131685
129 1290 0 0 0 0.9222399929560793 0.8449987410746658 0.7080323053389684 0.4998160296449443 0.23883907838356727 0.05924340375265121 0.031099970253579887 -0.04053552797059617
130 1300 0 0 0 0.9297163288901427 0.8492017444418198 0.7181401232077449 0.5179122055972222 0.25478280670798503 0.05933184195340952 0.023644347651191683 -0.037940819768533925
131 1310 0 0 0 0.933655596298666 0.8577087047164219 0.7320572883571757 0.5305067667001186 0.25939055251865434 0.06073296326440701 0.02147947164406908 -0.03730195371513101
132 1320 0 0 0 0.9223643857269419 0.8506997197837547 0.7214020166827084 0.5234069000710967 0.2525195452285539 0.07398301638533795 0.023409169329885644 -0.03266009396105203
133 1330 0 0 0 0.9276720393747034 0.8567212483193523 0.7210460658118364 0.5316583369826052 0.2647922100887868 0.091123552183848 0.014625058261000254 -0.03721534435324674
134 1340 0 0 0 0.9363000266735569 0.8641316407821962 0.7333629575994544 0.5590344036691711 0.2950677899457572 0.08356126343304565 0.020054006331336516 -0.03277689884635721
135 1350 0 0 0 0.9399594607965426 0.8721229328548751 0.7539762129399404 0.5696888835784996 0.30545708770478897 0.08354725923011203 0.023200917027783336 -0.02536668315861008
136 1360 0 0 0 0.9466946089708911 0.8764673317545278 0.7527182718535057 0.5503508373425344 0.3006493921047607 0.09563807336372726 0.024005583955253575 -0.020260201371367484
137 1370 0 0 0 0.9397868351034189 0.8752873300374274 0.7505772047055154 0.5675937392916376 0.3055535205563824 0.10704595116153799 0.016591722439049102 -0.02423070919316931
138 1380 0 0 0 0.9461755553089201 0.8819699090062254 0.7499173381903994 0.5645281789605326 0.3253902202189749 0.12514569280033652 0.016221247594105127 -0.019551358531379164
139 1390 0 0 0 0.9390723214395799 0.8627607568016481 0.7439026583887579 0.5555502179374284 0.3087521506278533 0.10525990759088641 0.020435874922059564 0.007129753924043157
140 1400 0 0 0 0.9227437820915005 0.8492295876331901 0.7255702476698505 0.5284735424797672 0.2944422066714245 0.09335971761915068 0.01858006202433805 0.0019895892110382398
141 1410 0 0 0 0.9233186717494469 0.8392427672013405 0.7144297817999903 0.5198361430901944 0.2822294606617193 0.07897373923570876 0.017979188052673754 0.0058474736373558414
142 1420 0 0 0 0.9327969196841901 0.8578652232200346 0.7355120975884563 0.5468026367655009 0.30807484119467465 0.09034208483052004 0.026827847265335047 -0.006359277092074722
143 1430 0 0 0 0.9422905089281735 0.8751728502348485 0.7632009166086959 0.5773431690543096 0.3274511890558689 0.10702796183530766 0.02357478879525075 -0.005957849445207596
144 1440 0 0 0 0.9342486286697543 0.8688423887205061 0.7673003597940236 0.5826800838031826 0.334490922680696 0.11520575192602667 0.026975340026405746 -0.0029175003359180936
145 1450 0 0 0 0.9456993135865485 0.892128127640923 0.798250947487385 0.629279363595314 0.37089520646799023 0.1359608379509607 0.027389379720278873 -0.006807548780304837
146 1460 0 0 0 0.9545882174399711 0.9021370798659955 0.8147011586206289 0.6531001187546301 0.4018984677298255 0.15930433770471739 0.02930604387608106 -0.023042763992761665
147 1470 0 0 0 0.9569250100568578 0.8981648936012278 0.8043890615642575 0.6412106316961628 0.41096429442685967 0.1786904642521353 0.03382684173933663 -0.023384778878365813
148 1480 0 0 0 0.9553839737914821 0.8921559231544679 0.8045346551719527 0.6666356463543895 0.4469785798742308 0.19431764922080927 0.03595422127376054 -0.01830315206458479
149 1490 0 0 0 0.9534622174379287 0.9013619939655045 0.8325466061133269 0.7112228412242876 0.48978647647348583 0.2321965755680948 0.04254504154717781 -0.01112654074088068
150 1500 0 0 0 0.9509260035535313 0.9146621059958748 0.8622376744553139 0.7459631101359782 0.5302570116383856 0.25315744591194994 0.06154913706806329 -0.023676582640978643
151 1510 0 0 0 0.9426009100439698 0.9103573188389139 0.8372550476513183 0.7181264543881718 0.5098789563784245 0.2310291537058399 0.058789400292749996 -0.022733964745970992
152 1520 0 0 0 0.9469194391851921 0.8917134993189676 0.8184100651588067 0.683233147006869 0.4706322911804888 0.21422398950852514 0.056896812140315466 -0.011412541644193875
153 1530 0 0 0 0.9568966018121504 0.8999315151718223 0.8275854154894071 0.6883210334358563 0.48840062280714847 0.24725911309251813 0.06752785150526476 -0.016191696270831862
154 1540 0 0 0 0.9634924569936028 0.9023953952340699 0.8364125655015974 0.6941668425269926 0.4785546014623364 0.2522720743563063 0.05882027837111868 -0.02099955568001355
155 1550 0 0 0 0.9648212374101963 0.922955360816777 0.8581779763667394 0.7272687660447119 0.5224604640174598 0.2818461973789259 0.06140120104685302 -0.030265791651023687
156 1560 0 0 0 0.955778523548439 0.9150313151786453 0.8589310325502836 0.7140996434865825 0.5211917742813373 0.27991982004816507 0.07106423317627528 -0.012037530646252938
157 1570 0 0 0 0.9617647741928389 0.9110491665811749 0.8515442026035213 0.7089730308084851 0.507615318646132 0.2783178964993133 0.07347634778728136 0.001119093161644824
158 1580 0 0 0 0.9679022498385852 0.9279881627094759 0.8692996563451364 0.7389888797432781 0.537409815909168 0.294923980708184 0.07434172755258807 -0.017860718639904495
159 1590 0 0 0 0.9612440835352508 0.9246639197415989 0.8631687131990393 0.7321117895590085 0.5388310421207945 0.29566712020291785 0.07416462527102013 -0.013562708942608267
160 1600 0 0 0 0.9571570336047674 0.9216439357198662 0.8593555908032496 0.7235326444755281 0.5335233497636414 0.2923565427095646 0.08142138553005106 -0.006767307403456537
161 1610 0 0 0 0.9593327125079427 0.9290262635047674 0.8737929078044138 0.7495124356307541 0.5603010235652137 0.31165074566980705 0.08717377154045047 -0.011408152862773682
162 1620 0 0 0 0.9662034981895452 0.931149946894804 0.8773928942450795 0.7612961633385894 0.5749036083831187 0.3249642293408016 0.08950377921345501 -0.004419507710859867
163 1630 0 0 0 0.9645145355087009 0.9285368725187692 0.8819046811455139 0.768531737859917 0.5847529904554201 0.34178892039539754 0.09423277884467077 0.001696728753292423
164 1640 0 0 0 0.9718605591006761 0.9376643041413135 0.8953441330618223 0.7842818073114084 0.6063955871656587 0.3675471490774638 0.10145618846544002 -0.0014126611349661367
165 1650 0 0 0 0.9656328359638279 0.925520574603847 0.8693287356794785 0.7578920664115187 0.5718049125337058 0.3235805780536359 0.08819479802739805 -0.0033302226465280614
166 1660 0 0 0 0.9640109336546453 0.9227824624832802 0.863345050301613 0.751789342779588 0.5624583296688702 0.326301837586932 0.09003568611112929 0.0010598055800113324
167 1670 0 0 0 0.9626775412745944 0.9302857681848945 0.8704746089048093 0.7532501464213962 0.5695310702228735 0.334873297624703 0.09822287693104456 -0.0008410730028092989
168 1680 0 0 0 0.963128425807755 0.9308008163791358 0.8734054651459882 0.7627640232599802 0.5882525773728243 0.3496718261780853 0.10692760210937005 -1.961847701491856e-05
169 1690 0 0 0 0.9633285024223811 0.9307240162087118 0.8732322602885166 0.7631050183675133 0.5864789100654222 0.34602547223599134 0.11602499321980772 0.0002122039960933939
170 1700 0 0 0 0.9679993763451287 0.936354375176843 0.8812151638628558 0.7724898175531146 0.5981922416828578 0.35985247520692815 0.11957850984290039 -0.004075845497182199
171 1710 0 0 0 0.9697894740563515 0.9391825435454243 0.8900591674141116 0.786172710726692 0.6165483617316797 0.3758963422951115 0.13462728425689496 0.0006971281739075177
172 1720 0 0 0 0.9738036476548513 0.9453378736667167 0.8925805461947495 0.7910073957373507 0.6330050011903948 0.391580997232761 0.14553325320651309 0.003052786697394775
173 1730 0 0 0 0.9726505210359239 0.9431762193011897 0.8872796173379819 0.7866905156450751 0.6235720717540649 0.38700802015198144 0.1415945996751651 -0.002478442747351257
174 1740 0 0 0 0.9751235243501347 0.943478303112277 0.8930039900686677 0.7953643592786505 0.6370905687474899 0.4010017740318104 0.14690646780048278 0.00280144885549968
175 1750 0 0 0 0.9775318181731433 0.9461576275461732 0.8989709667400398 0.8026740614067241 0.6470318660387187 0.41571636014836716 0.15718947525098131 0.005161156442186066
176 1760 0 0 0 0.9771462184366239 0.9509124247562405 0.9043046761991244 0.8082282888417279 0.6531812018046901 0.41830491318380536 0.16069406242828346 0.007366417304830948
177 1770 0 0 0 0.9778910482924716 0.9564922645026507 0.9019355772460744 0.8038763691367781 0.6527530159612333 0.41860368887371346 0.1649096139576783 0.009301926959169518
178 1780 0 0 0 0.9763644717961081 0.9538577398919228 0.9019734711248815 0.8063705372284896 0.6596741008564978 0.43056716877970114 0.18079259351832824 0.017573102919763706
179 1790 0 0 0 0.9775671084741873 0.9595062136369041 0.9117200974352817 0.8188493326408792 0.6720400056654203 0.4365632099709568 0.18600327818092993 0.015259934262969286
180 1800 0 0 0 0.9762423250943543 0.9529257590018874 0.9046085294666 0.8199676034444887 0.6725240072859563 0.4396691198424379 0.1830391819422525 0.011373954683270869
181 1810 0 0 0 0.975480893168194 0.9561747322155555 0.9121672643568441 0.8239353184143297 0.6755151046810224 0.44931468063077334 0.1918063000691755 0.020595630759581592
182 1820 0 0 0 0.971583059913073 0.9522632204150087 0.9110617887348345 0.8206721121077751 0.6710517243606058 0.4492513600675865 0.19889232960617007 0.0263250116224666
183 1830 0 0 0 0.9729850438884717 0.953406390164126 0.9136286567318578 0.8311343026687282 0.6852666491743896 0.460073846970566 0.21208691939925658 0.035309893111939585
184 1840 0 0 0 0.9741761861141335 0.961636334716184 0.915992705134107 0.8364484858546746 0.6950535754294014 0.46934397123433275 0.2238540221785289 0.04194649291372717
185 1850 0 0 0 0.9807495834215401 0.9629803430690154 0.9212499784497779 0.8443430988429679 0.6990877105816812 0.4776419965233359 0.22345270893202862 0.038279618225884916
186 1860 0 0 0 0.9767524429561262 0.959444181928353 0.9196062877646215 0.8440190508861058 0.6995893246622955 0.48256160143929006 0.22909241443628017 0.04454217319145963
187 1870 0 0 0 0.9793696239090692 0.9556417646531951 0.9134758429339885 0.8469957291677461 0.7069196862237279 0.49618392480713197 0.24427464851634678 0.05502538849709933
188 1880 0 0 0 0.9815821561655144 0.9635126731620733 0.9305779273536235 0.86890559121688 0.7387360478093599 0.542294232117705 0.2854013015320729 0.07256227220340015
189 1890 0 0 0 0.9804000990376982 0.9644003628769594 0.9347050672679841 0.873080533734084 0.74781095162463 0.5463861722454044 0.29112511372036015 0.07441169074532025
190 1900 0 0 0 0.9780156515765992 0.9650220834903279 0.9418104072320587 0.8868260369903522 0.7859938491371815 0.6146053527492011 0.36125807496555196 0.11145404352476214
191 1910 0 0 0 0.9876499941368448 0.9829535092055899 0.9646742374612 0.8997297655117072 0.8047688408577744 0.6321128014253793 0.3838772085097426 0.12429210300766974
192 1920 0 0 0 0.977813648008708 0.9634725743542886 0.9342383016377108 0.8703350146886397 0.7525193106640506 0.5783711226459465 0.3362358134604049 0.10661426611563334
193 1930 0 0 0 0.9774529847907092 0.9753420514899197 0.9527102491681204 0.88868819663631 0.7959443590679963 0.6290157217152194 0.3959999140415391 0.15647394154786232
194 1940 0 0 0 0.9756102027512211 0.97502311293186 0.9546811013742574 0.8883554003604022 0.796683525824694 0.6415688285339173 0.410770176727681 0.17297150110839835
195 1950 0 0 0 0.983018275197524 0.9778808879188996 0.9433232561706574 0.8908419621580702 0.8075558015503851 0.6505961907975617 0.4264677064822979 0.16619608080537768
196 1960 0 0 0 0.9855837565371763 0.9830615050975748 0.9629362093854429 0.9149685207043073 0.841204895845215 0.7006256119546745 0.4715708251519397 0.20325483974249559
197 1970 0 0 0 0.9911303098046662 0.9781455238794746 0.9536288426964854 0.9027960936532433 0.8345799643282635 0.6858847191520988 0.46207774876796487 0.2068276586688652
198 1980 0 0 0 0.9870933481744618 0.9769827409678354 0.9494396818222391 0.8979486523241405 0.8208553311855898 0.6746287492513866 0.4603916473019018 0.2092447783488544
199 1990 0 0 0 0.9925336467984144 0.981046682364778 0.9541603474348657 0.9167844000155095 0.8433758794599631 0.7085132502033201 0.4876816104349918 0.2230431513171076
200 2000 0 0 0 0.9895648503719495 0.9782002530447301 0.9545129975692395 0.9165695077955318 0.8464146077131784 0.704882673050963 0.48497083669683705 0.21825092502134336
201 2010 0 0 0 0.9871307403344369 0.9747179815323402 0.9480904850378681 0.9134098805931427 0.840118558263416 0.6979450061710899 0.47820855751991753 0.21987609999729857
202 2020 0 0 0 0.9851869853066423 0.9742590081574793 0.9447492784469484 0.9149780396734488 0.8395088131227273 0.7065774402854098 0.5001816323086229 0.22998519056300287
203 2030 0 0 0 0.9825603751341125 0.9751051414121985 0.9507553294771439 0.9215442945023595 0.8483665700586116 0.7108260674680417 0.5071094570042893 0.23652043814611087
204 2040 0 0 0 0.9831696766070518 0.9769841104570653 0.9537858604288099 0.9198909894117708 0.8406552189398983 0.7059146217684895 0.49871720139490083 0.2397146178584379
205 2050 0 0 0 0.9834390320223385 0.9742141417789847 0.9527739705378683 0.9200262069007005 0.8416158830168362 0.7088142597190911 0.5007621195928696 0.24373359359402733
206 2060 0 0 0 0.9854604457839904 0.9745564435247636 0.9504498370248653 0.9190800989330462 0.8415785165474212 0.7118975806674387 0.505424930022052 0.24342028551586606
207 2070 0 0 0 0.985759061202596 0.976919084129021 0.9552020790105807 0.9217712079285396 0.8506631895690562 0.7245660129457981 0.5124723095177296 0.2525960499133342
208 2080 0 0 0 0.9871379817870399 0.9783530849495102 0.9604087329228767 0.9249956834700175 0.8550728052389928 0.7343418110434059 0.5288040157783148 0.2690107297646029
209 2090 0 0 0 0.9862043272837545 0.9782198363320935 0.9592109101489263 0.9234152470704607 0.8561496167554846 0.7331902318197944 0.5279751281863496 0.2723276028153734
210 2100 0 0 0 0.9831108888139214 0.9749976559816093 0.9612711511242237 0.9276888950535133 0.8608315387590466 0.7377391306841254 0.5410702050312809 0.29059966721387465
211 2110 0 0 0 0.9814982521322106 0.9755706104911392 0.9640579198211349 0.9308308479047467 0.8634553930363533 0.7472642009582344 0.5541721074164668 0.29740463960270624
212 2120 0 0 0 0.9822581582862399 0.9753562206022021 0.9640263938268581 0.9361484639641084 0.8754625442230421 0.7625770660546991 0.5717982778345286 0.3130606230382972
213 2130 0 0 0 0.9854237384307591 0.975809911668111 0.9657348138706873 0.9328488453168248 0.876093090681986 0.7595921281131088 0.5744266524948386 0.3209736709530184
214 2140 0 0 0 0.982395482193766 0.976050617225555 0.9614145635400917 0.9329495870937909 0.8775994733948267 0.7653890718256736 0.5856870816690142 0.3342996764607941
215 2150 0 0 0 0.9817192888045311 0.978035015087111 0.9649953901678379 0.9357766630789008 0.8810654497715361 0.7769891796055539 0.6017949332134048 0.3529854888621017
216 2160 0 0 0 0.9877254621274654 0.9810812272794944 0.9678920807333913 0.9427221937444213 0.8934948219627584 0.7932456856960045 0.6238596713026323 0.3731143088628511
217 2170 0 0 0 0.9869789491579156 0.9781577707154254 0.9673754589355413 0.9441767621300663 0.8942674641524088 0.8011697242168043 0.6375669987334093 0.38177910418257055
218 2180 0 0 0 0.9875363451439964 0.9802371405425792 0.9677010411716068 0.9425143475580169 0.8922565321485939 0.7940941118489117 0.62424521075454 0.379868717019768
219 2190 0 0 0 0.9872576504722074 0.9828044332844594 0.971165989976143 0.9499251672640739 0.8949782998949088 0.7952385723155088 0.6235938459887058 0.37835311504176766
220 2200 0 0 0 0.9919315632865007 0.9867885986216737 0.9720811334735547 0.9448740647261665 0.8916715196253044 0.7899114085244862 0.6239456731029557 0.38142456493790655
221 2210 0 0 0 0.9904257259622038 0.9839677985608553 0.9709394910946483 0.9440490365888642 0.8953837022090825 0.8021839760833251 0.6450069654856785 0.4052753978341866
222 2220 0 0 0 0.989026135598638 0.9826181065300746 0.9723291014719156 0.9446495971965789 0.8946645209648048 0.8000872467094896 0.6431125833068875 0.4134852939891396
223 2230 0 0 0 0.9897717004947436 0.9836717448457332 0.9745786148978225 0.9514598412782834 0.9014627739568901 0.8059262712623856 0.6484257328699317 0.4218491290465851
224 2240 0 0 0 0.9913545106438175 0.9868450100312999 0.9796507076584526 0.9594126391939503 0.9175080683348269 0.8304351902055053 0.6803442480369668 0.4566213742039748
225 2250 0 0 0 0.9934361872217917 0.9858903666878688 0.9772644997116227 0.9647510754865659 0.9229394497324428 0.8459848521162783 0.7041586012180188 0.48960855887608906
226 2260 0 0 0 0.9955387190842834 0.9893053387776815 0.9801508622044306 0.962893564935821 0.9233290398312091 0.8503098908301152 0.7142362618891356 0.5043885845407573
227 2270 0 0 0 0.995492978678639 0.9882866631471788 0.9793498103709477 0.9652523274122096 0.9301095508536297 0.8579330523675676 0.7403257922771058 0.5327035871412068
228 2280 0 0 0 0.9932262951215671 0.9854406548565277 0.9760607624541439 0.960513742786252 0.9226243048150261 0.8436403911711599 0.7143096204991515 0.4988216614948012
229 2290 0 0 0 0.9944875187324057 0.9887490991645406 0.9777589865303646 0.9636987820796925 0.9246648047724065 0.8442191589008722 0.7052837381119518 0.4878954627769806
230 2300 0 0 0 0.9963037157642557 0.9936612945000292 0.9852123652971254 0.9668578638108393 0.9289576545676428 0.8525238702779201 0.7210279127177579 0.507409330293735
231 2310 0 0 0 0.9935599731169799 0.9918125240094106 0.9865785803344557 0.9670998154562837 0.9309854449454589 0.8613710127857451 0.7364368036533138 0.5258267706169487
232 2320 0 0 0 0.9947001169744089 0.9916364700698692 0.9867489004280632 0.965466837621186 0.9270250982252253 0.854198758356904 0.7270708589364437 0.5191145264531037
233 2330 0 0 0 0.9971802859179294 0.9925134824458312 0.9852798483316713 0.9652167916548994 0.9245292785972886 0.8531295216190208 0.721011337174843 0.5206863183912991
234 2340 0 0 0 0.9949107146925514 0.9912597386096054 0.9833032582488672 0.9662472301372694 0.9273730843523543 0.8557546574283876 0.7292223126695816 0.5296103383971599
235 2350 0 0 0 0.9943242774872078 0.9914155183150697 0.9831021931367736 0.9692957040504935 0.932893275864975 0.8651978639154432 0.7412371402908681 0.5426356058852096
236 2360 0 0 0 0.9962235770614976 0.9910243806157807 0.9827340133033012 0.9699320237171751 0.9355668850283189 0.8709190526165848 0.7494798878337475 0.5561864539428211
237 2370 0 0 0 0.9942705651136278 0.9892782929802577 0.9823671272715223 0.968858722419402 0.9368031633194596 0.8740276600889885 0.7592523107493483 0.5739959422346387
238 2380 0 0 0 0.9935204725584915 0.9896865720995456 0.9827095601327541 0.965703246205298 0.9359112204263901 0.8755120996209341 0.7643451920628141 0.5825739900749123
239 2390 0 0 0 0.9924414863269134 0.9899976846969951 0.9842285487309882 0.9642070648171421 0.9339637122139328 0.8751201314771145 0.761146527162032 0.5817181226927638
240 2400 0 0 0 0.9929721284126481 0.9864239809763297 0.979064483811448 0.9620808443180536 0.9311377128799403 0.8675529466910252 0.7510449324386379 0.5679390019946702
241 2410 0 0 0 0.9941765139511183 0.9885706312497962 0.9813976665844258 0.9662591903362747 0.9385596038757089 0.878178657047983 0.7661829116554629 0.5862956260304847
242 2420 0 0 0 0.9962009696520484 0.9891299041559923 0.9808262776903648 0.9682593171668835 0.9411119175940516 0.8809518525984198 0.7717281208922168 0.5970131245309974
243 2430 0 0 0 0.9950954468360624 0.9890050849105262 0.9813545436564856 0.9658105904536153 0.9372493979827435 0.8748415025084635 0.7647497157640715 0.5841539812133898
244 2440 0 0 0 0.9954676677587998 0.9904414736462629 0.9829290540937706 0.9655184605686997 0.9357992725807702 0.8736098731843415 0.7710517976271448 0.5918096524270458
245 2450 0 0 0 0.9932949995780082 0.9908836146038125 0.9832998955327941 0.9659044154983104 0.9373782559517481 0.8778989126759791 0.7792516855896934 0.6021064384526986
246 2460 0 0 0 0.9945981201841703 0.9914011885876697 0.982770365068144 0.9666660465438995 0.9373947696210104 0.8784826114864226 0.7780744939868144 0.6054267730468833
247 2470 0 0 0 0.9956107381222842 0.9919067343504395 0.9834809483648548 0.9698443005153238 0.9438860453026479 0.8878642333214907 0.7909029724152856 0.6230342975734244
248 2480 0 0 0 0.9947119180815043 0.9923372021525328 0.9844974333059603 0.9718024456985638 0.9454562131036657 0.8923626444061616 0.7964163950706993 0.6294382503534189
249 2490 0 0 0 0.9963250691603414 0.9933298924794339 0.9853625377112798 0.973491207790641 0.9493897662127461 0.8969723306405353 0.8048474587262706 0.6424068552408224
250 2500 0 0 0 0.997370132140393 0.9944126880894617 0.9876870097565005 0.9764178634520252 0.9537451548035623 0.9048525894486092 0.8169822497962247 0.6606326938077166
251 2510 0 0 0 0.9971747722861721 0.994257661231912 0.9882493154616381 0.9762283658403555 0.9501613565847922 0.9003300571382394 0.8079713060619939 0.6499704320518455
252 2520 0 0 0 0.996955584780444 0.994353599986762 0.989313211399616 0.9775645188319342 0.9557896808026528 0.9075065872741602 0.817933377809395 0.6643593118863484
253 2530 0 0 0 0.9955864953509943 0.9934680875251962 0.988355676945623 0.9774727016860871 0.9542468801184842 0.9104666091378003 0.8227236283762447 0.6735960269451716
254 2540 0 0 0 0.9960949455314454 0.9948258520654857 0.9900255968843471 0.9774373214552283 0.9546595863942077 0.9153984281726563 0.8330455610322524 0.6891298943379055
255 2550 0 0 0 0.9977581784300086 0.99627881288337 0.9924841646736914 0.9795102620068251 0.9587703216020526 0.9219292095295337 0.8420519746961306 0.7039997656936491
256 2560 0 0 0 0.9981261970607214 0.9956418555556509 0.9909722041171991 0.9815890730157489 0.9599294687529024 0.9224502446660449 0.8462611154551241 0.712458064100294
257 2570 0 0 0 0.9992667485925778 0.9963758372967106 0.9917117378138923 0.9826248965748067 0.9616327721596403 0.9273805154079976 0.8539575627615558 0.7321192572741463
258 2580 0 0 0 1.0012862725187917 0.9989056622377248 0.9948902991008449 0.9862263781489383 0.9681061656592514 0.9403524917561455 0.8829024145404311 0.7750065033968435
259 2590 0 0 0 1.0002429464081726 0.9964410124497547 0.9920013276683921 0.983559052798894 0.9654843889295608 0.9349465897467546 0.8750306988002982 0.7668985581883644
260 2600 0 0 0 1.0007805720674527 0.9963348695542332 0.9910353987897654 0.9832821281489155 0.9652214328169925 0.9364099246628071 0.8788487131082048 0.7747953337758278
261 2610 0 0 0 1.0013598731438493 0.9986113297867791 0.99278429568749 0.984081711174584 0.9688338276342094 0.9405043315418427 0.88344261045155 0.7825419117340322
262 2620 0 0 0 1.000452981948423 0.9971473622701238 0.9916124355559505 0.9826033922907463 0.9691085166808913 0.9389305742736566 0.8832829344240593 0.7799449493864042
263 2630 0 0 0 0.9997094002237572 0.9974099404834648 0.9928714248138701 0.9844288024631694 0.9699551510982833 0.9405656033808127 0.8867284193257474 0.7889285131293615
264 2640 0 0 0 1.0000792540007466 0.9983855049506949 0.9934601126167985 0.9856648162395932 0.9765985836364117 0.9510086689187989 0.9061058848585727 0.8218213575469879
265 2650 0 0 0 0.9987598254939044 0.996777215551407 0.9920922720059 0.9849435189763508 0.9766557666081336 0.9531726808155073 0.9115542046000864 0.8301585695965886
266 2660 0 0 0 0.9977877225814915 0.9955836902180424 0.9936077224541585 0.9879824860909363 0.9755690294665118 0.9554332521407094 0.9160156685686115 0.8394408496950087
267 2670 0 0 0 0.9983526655791698 0.9992175274940377 0.9987872327259987 0.9940993887633353 0.9864224721251199 0.9763084932982251 0.9484652078225995 0.8976798262015437
268 2680 0 0 0 0.9999244854571483 1.0003683214711652 0.9990141152869702 0.9955842169573693 0.9852692367385162 0.9767281674238761 0.9474392608104085 0.8972541356607346
269 2690 0 0 0 0.9987118181118049 0.9960295266969241 0.9974740207903813 0.9933368635050667 0.9784813122736886 0.9612310594273997 0.9264589137076873 0.8622130139579951
270 2700 0 0 0 0.9997683780273259 0.9957005270352419 0.9995704168053426 0.9946518973285713 0.9853884448494823 0.974493657444782 0.950937541616276 0.8996385014047045
271 2710 0 0 0 1.0000158980083544 0.9961802759493166 0.9968823519200666 0.9931564215840162 0.9826514654403297 0.9652714265427074 0.9375432760822612 0.8732270211175935
272 2720 0 0 0 0.998420409741289 0.9959456542544448 0.9962390581602254 0.9940716869889806 0.9837803343335958 0.96897183079991 0.9410458318521218 0.8818059223294858
273 2730 0 0 0 0.9981774073684072 0.9970391461287108 0.9954618582637161 0.9927861029704187 0.9805675470057063 0.9631017071467018 0.9308529123218562 0.8651109773926946
274 2740 0 0 0 0.9988826547446935 0.9991065655152627 0.99697983717826 0.9945340506653687 0.9836611375035557 0.9710346445259366 0.945840213193046 0.8910516860232056
275 2750 0 0 0 0.998998224086166 0.9983770941912706 0.994646603114314 0.9919964319232955 0.9806215630688982 0.9633682769251316 0.9316190417589333 0.8695952268175569
276 2760 0 0 0 0.9981853631040991 0.9994948797629948 0.9966380098030974 0.9934481865993954 0.9843266354795572 0.9703075059538215 0.9408977092297571 0.8847237341700556
277 2770 0 0 0 0.9985951172004404 0.999366579099629 0.9981935459372627 0.9957887870753853 0.9870290625763439 0.9758446244045593 0.9500790758134289 0.8995931884856433
278 2780 0 0 0 0.9982926404842112 0.9990918653576575 0.9978699948050715 0.9952619109431725 0.9871446753340757 0.9758663561120953 0.9492561212984932 0.899398226622699
279 2790 0 0 0 0.998819734625592 0.9996792368627846 0.9982998377721495 0.9950094676653994 0.9885389643531671 0.9787276685531867 0.9569759828387665 0.9133187865270463
280 2800 0 0 0 0.9989343368166604 0.9995651031470273 0.9979553049175292 0.9952666385233778 0.9903004079258025 0.9816195142131411 0.9623982785331968 0.9242851949709859
281 2810 0 0 0 0.9989120472471094 0.9984287322893725 0.9975837443139066 0.9956777086127026 0.9899650614010073 0.9810515102993724 0.96220039969263 0.9262491520669879
282 2820 0 0 0 0.9989984355015225 0.9985180502068455 0.997302964401425 0.9956848457875617 0.9899904508348975 0.9819374144098713 0.9658213674345896 0.9308223258136796
283 2830 0 0 0 0.9999275037806946 0.9988773066718805 0.9973720893414025 0.9954762022271956 0.9899081190892383 0.9806098992824697 0.9640419040766642 0.9274776002907436
284 2840 0 0 0 0.9997201157119294 0.9987882369546086 0.9975154607604452 0.9962177112890357 0.9908755093306352 0.9802656144998363 0.9617359187361882 0.9239580311142643
285 2850 0 0 0 0.9995163200281185 0.999202468571595 0.9977640961852764 0.9965180857488151 0.9907407788765322 0.9791969540473474 0.9595146532791611 0.9206180716313187
286 2860 0 0 0 1.0002173775674887 0.9996802569694766 0.9986038354902891 0.9972061738685153 0.9929272822313128 0.9834362812967841 0.9671865793994343 0.9341526804862603
287 2870 0 0 0 1.0000905592612814 0.9993676847079751 0.9980033215627739 0.9969972926014745 0.9933949523814676 0.9851392665908485 0.970627635104678 0.9400576517208533
288 2880 0 0 0 1.0001255899891077 0.9997588372286397 0.9982121759195991 0.9968509062020187 0.9933729355014973 0.9856482725582351 0.9710438922577254 0.9406283324930063
289 2890 0 0 0 1.0002544757047023 0.9991754907365454 0.9974918848479364 0.9961688532203871 0.9933115743130497 0.9872094272846468 0.9749386352429403 0.9485705003442185
290 2900 0 0 0 1.0000082238563268 0.9991175058994217 0.9976455597146856 0.9960623455137647 0.9933772252389803 0.9867569561453027 0.9742223163725637 0.9479786381393194
291 2910 0 0 0 1.0001089199569728 0.9989512497308713 0.9978400826916582 0.9958355559061725 0.9935513015496769 0.9887510484604073 0.9773579010641803 0.9540699004334712
292 2920 0 0 0 1.000161543370974 0.9994562073792994 0.9983026834978801 0.9963575493529101 0.9940113238585409 0.9892432317979618 0.9781970617208785 0.9552320814544057
293 2930 0 0 0 0.9997841500161362 0.9993673404576078 0.9985202608769089 0.9968042419972756 0.9946161463291547 0.98957850411975 0.9793462495804962 0.9571458062679793
294 2940 0 0 0 0.9996801438478309 0.9994566849678422 0.9984439815807422 0.9968856274063546 0.9939063988863556 0.987961538746632 0.976214860110319 0.951480562086162
295 2950 0 0 0 0.9995712787266988 0.9991368489158424 0.9982108990447552 0.9963962196324098 0.9942139592753445 0.9885426059055863 0.9777179688216779 0.95543977880377
296 2960 0 0 0 0.9995336558039529 0.9989316457810657 0.9982706266116893 0.99696963578936 0.994311420109816 0.9884552017710436 0.9767484144681907 0.953923055251649
297 2970 0 0 0 0.9998281603531904 0.9993531914251411 0.9984106296092987 0.9970658183155331 0.9940255102842589 0.9881173718111811 0.9760413313785098 0.9526962717229065
298 2980 0 0 0 0.9998969401787233 0.9995143242666183 0.998512799123693 0.9974695229285607 0.9948241623654684 0.9896467132291719 0.9789645641653423 0.9582139637335034
299 2990 0 0 0 0.9998597758268768 0.9993443588689326 0.9986125052369765 0.9976301785610219 0.9954340161058819 0.9907359315809439 0.9810774567153683 0.9621871203915524
300 3000 0 0 0 0.999611070531673 0.9991842360156814 0.9989489635620532 0.9980773598723938 0.9963206164720492 0.9929284290261139 0.9853967739561921 0.9704553642872517
301 3010 0 0 0 0.9996613892953534 0.9992569188193041 0.9991640793658572 0.9982471258673179 0.996671465320602 0.9933715283178399 0.9862799308956782 0.9725702420274247
302 3020 0 0 0 1.000064367679798 0.9997118455545938 0.9998287858705219 0.9986505122387347 0.9969224211700891 0.9944581960379297 0.9889550751531536 0.9775224429859942
303 3030 0 0 0 0.9994763777255781 0.9992503666356835 0.9997350929546738 0.9987572159725778 0.9972695396008641 0.9952481818099297 0.9901448986190342 0.9801776293082987
304 3040 0 0 0 0.9995515603237995 0.9994515216058174 0.9996417455312671 0.9987747149840563 0.9975059060540175 0.9945506665532984 0.9887978213490282 0.9775726003571485
305 3050 0 0 0 0.9998784346505277 0.9999313231502659 0.9996236002726288 0.9985598929297734 0.9971794111986135 0.9945223294759347 0.9884199023832814 0.9770769791212925
306 3060 0 0 0 0.9999161820652988 0.9998529284814263 0.9995937805651882 0.9985725482290214 0.9975452358378043 0.9955512066531159 0.9906233304952955 0.9816960884533551
307 3070 0 0 0 1.0000746189706053 0.9999814519512974 0.9993016118569397 0.9982701618109578 0.9969617966626579 0.9946589957797026 0.9894096252566548 0.9789144527012376
308 3080 0 0 0 1.0000632983472388 0.9999860714100504 0.9994642272366101 0.9985439228689369 0.9973376866245243 0.9952050926408166 0.9901271920572712 0.98047684064763
309 3090 0 0 0 0.9999299882063324 0.999826823045855 0.9995728597178907 0.9989418652674487 0.9979089295364622 0.9962466590205656 0.9922791372781431 0.9843783499703364
310 3100 0 0 0 0.9998716676752474 0.9996895800725853 0.9995758685348303 0.998793067502707 0.9979163028090503 0.9961895532570618 0.9924210678360623 0.9845925436756581
311 3110 0 0 0 0.9997625196347515 0.9998769570825985 0.9997883820610945 0.9990795650700567 0.9984206449534181 0.9970943000420575 0.9943014384376653 0.9885089417792596
312 3120 0 0 0 0.999813462167215 0.999778997404703 0.9997880609140903 0.9994409723883749 0.9993853552788562 0.9985557110112895 0.9971043957027275 0.9940638734728642
313 3130 0 0 0 0.9998611374161368 0.9998013776824787 0.9998100044613087 0.999727817070072 0.9993338197573408 0.9986204167500232 0.9973332515475594 0.9942700045433506
314 3140 0 0 0 0.9999246566523652 0.9997116390652839 0.9995802128619096 0.9994953672412265 0.9991629500454798 0.9984812333212694 0.9973084365493069 0.9944049040343291
315 3150 0 0 0 0.99973469875246 0.9996294801746624 0.9995729279283232 0.9994844330820474 0.9992591218764596 0.9984561423523863 0.9974854033099574 0.9949214928661483
316 3160 0 0 0 0.9998866979251922 0.9997987465632945 0.9998050322575871 0.9997357312192847 0.9997026926862166 0.9993224350345562 0.9991085580264373 0.9980564679073125
317 3170 0 0 0 1.0000074412687028 1.0000163063570082 0.999965177330533 0.9997873657194875 0.9997186236636515 0.9992671654412403 0.9988561503457201 0.9977732966857801
318 3180 0 0 0 0.999976494896975 0.9999527874531935 1.0001008703923087 0.9999236510114805 1.0000317758370623 0.9998266863805371 0.9997267481277429 0.9991411523942878
319 3190 0 0 0 0.9998898594373673 0.9999531911736598 1.000098836372742 0.9999531343182146 0.9998215204818605 0.9996428736800193 0.9993950473181851 0.9985557789702256
320 3200 0 0 0 0.9999030266683027 0.9999289485992874 0.9999076430380304 0.9997098812429056 0.9993890619288599 0.9987576112930231 0.9978351186844339 0.9956681659939857
321 3210 0 0 0 0.9998731596284796 0.9998469090812344 0.9998848506068073 0.999717982410482 0.9995846127988116 0.9991548031592329 0.9984462720017807 0.9970554267937364
322 3220 0 0 0 0.999972211748836 0.9998827154425417 0.9999647647300981 0.9999154022870367 0.9998384177499567 0.9996850048696831 0.9994407913672175 0.999119082391472
323 3230 0 0 0 0.9999287937354421 0.9998017149702508 0.999868647971687 0.9997953469793937 0.9997744629059399 0.9994480132565319 0.9988965495564277 0.9979147740201934
324 3240 0 0 0 0.9999296964419351 0.9999132984455018 0.9999742768563067 0.9999341640429056 0.9999331903215621 0.9997744561055611 0.9996411898480078 0.999274242508254
325 3250 0 0 0 1.0000090668778037 0.9999573071843965 0.9999915378198982 0.9999146030599887 0.9999195480169096 0.9997883464858156 0.9996673362256157 0.9993057252744747
326 3260 0 0 0 0.9999902801851879 0.9999858203311114 1.0000051075523801 0.9999767423992714 1.000047995127646 1.0000457569192234 1.0001693785732222 1.0003948586069813
327 3270 0 0 0 0.9999608404155164 1.00000192791747 1.0000288048929475 1.0000725755261273 1.0001061830529243 1.0002412513978225 1.0005490887363029 1.0011446558436499
328 3280 0 0 0 1.00003400179845 1.0000722942987441 1.0000775624290859 1.000139239207795 1.0002171548223833 1.0004951081058735 1.0010472038519937 1.0020642833605804
329 3290 0 0 0 1.0000528747020496 1.0000506530807596 1.0000324491730426 1.0000991586358097 1.0002013395702116 1.0004052417267293 1.000952958840099 1.0018353587925461
330 3300 0 0 0 1.0000864744068245 1.0000470962704269 1.0000465523489628 1.000068752710583 1.0000654255754724 1.0001181711632785 1.0002826156283213 1.0006442216992633
331 3310 0 0 0 1.0000362763540391 1.0000520611525627 1.000040877510628 1.0000249043945502 1.000056623485458 1.0001492759181922 1.0003964295716359 1.0007780147699261
332 3320 0 0 0 1.0000127598456194 1.0000048289040293 1.0000283879962846 1.0000096139087995 1.0000689258115454 1.0002165365251976 1.0004213629991554 1.0008482997362251
333 3330 0 0 0 1.000003638913104 0.9999583221677009 0.9999811475792817 0.9999698135462678 0.9999442780164911 0.9998756376945419 0.9997843756664092 0.9996396210110899
334 3340 0 0 0 1.0000406706081109 1.0000014888725146 0.9999945298287225 0.9999665068335069 0.9999112585737591 0.9998445870313847 0.9997171403656865 0.9994606157143472
335 3350 0 0 0 1.0000343225403263 1.0000226236200933 1.000015925683677 1.000005816876642 0.9999722930570695 0.9999478430233334 0.9999659678424759 0.9999328728400395
336 3360 0 0 0 1.0000204464995404 1.0000054583029936 0.9999877279370722 0.999969434024345 0.9999294280408753 0.9999111167743706 0.9998766104353132 0.9997738656827707
337 3370 0 0 0 1.0000190190283538 0.9999824069022888 0.9999632399834794 0.9999495227634405 0.9999075942403052 0.9998694689785118 0.9997874954277192 0.9995873601343006
338 3380 0 0 0 0.9999995902927405 0.9999740044298646 0.9999591845534259 0.9999439256485358 0.9998794474936648 0.9998128614528549 0.9996561510991684 0.9993449261956409
339 3390 0 0 0 1.0000034590544502 0.9999770802734455 0.9999677898103636 0.9999676373658974 0.9999318274203591 0.9999074497684902 0.9998333727621749 0.9996719543618017
340 3400 0 0 0 1.0000079369634367 0.9999829137579916 0.9999756076700002 0.9999813491063482 0.9999642379038596 0.9999813909526537 0.9999696145030551 0.9999422133226353
341 3410 0 0 0 0.99999752403105 0.999973939887046 0.9999685663933652 0.9999601536943559 0.9999376200474034 0.9999303841386356 0.999869809629741 0.9997296266749499
342 3420 0 0 0 0.9999980398991727 0.9999831917522451 0.9999795112448158 0.9999716579619868 0.999938566647252 0.999921646839919 0.9998531509917441 0.9996820898534298
343 3430 0 0 0 0.9999932260351476 0.9999823188549297 0.9999756064797624 0.9999675575841275 0.9999209117842303 0.9998624049584901 0.9997166061288182 0.9994300289832657
344 3440 0 0 0 0.9999903768105327 0.9999747735163305 0.9999683375662154 0.9999753294965241 0.9999517425878645 0.9999123532427007 0.9998135649236851 0.9996200058019828
345 3450 0 0 0 0.9999924487147607 0.9999749120235784 0.9999643728180925 0.9999681446789304 0.9999421071025832 0.9998778160318885 0.9997580538906847 0.999514291114508
346 3460 0 0 0 0.9999983929656677 0.9999846315170683 0.9999803549695852 0.999989222289297 0.9999684946580442 0.9999355636766539 0.9998665263379333 0.9997307613775618
347 3470 0 0 0 0.9999873037564588 0.999980744856288 0.9999841606852902 0.9999966803503576 0.9999862215111557 0.9999845997144576 0.9999811143882074 0.9999776781028039
348 3480 0 0 0 0.9999877485399135 0.9999839833944972 0.9999943753304689 0.9999971137524626 0.9999898286150475 1.0000009131017225 1.000012446043175 1.0000369001387814
349 3490 0 0 0 0.9999911830814036 0.9999868869180067 0.9999963863942151 1.0000084222651957 1.0000093683046118 1.0000335540600926 1.0000760408316989 1.0001506912261495
350 3500 0 0 0 0.9999933235316014 0.9999953080931061 0.9999966751035818 1.0000058704656107 1.0000155431205155 1.0000386371068979 1.0000844944767069 1.000165586755403
351 3510 0 0 0 0.9999989960805912 0.9999981213834882 0.9999968217716734 0.9999961560763054 0.9999978411291445 1.0000072475703365 1.0000217886261384 1.0000455642483537
352 3520 0 0 0 0.9999995220159175 1.0000003658098588 1.0000044461062916 1.0000091235265938 1.0000200844274 1.0000428806910067 1.000097144977642 1.0001947681288992
353 3530 0 0 0 1.000003746429753 1.000001028749956 1.0000053482265987 1.000002494845596 1.000008854473142 1.0000098770793 1.0000288557574624 1.000043487876057
354 3540 0 0 0 0.9999971578027765 1.0000016186282157 1.0000060258714667 1.0000048486156077 1.0000076451919857 1.0000141722736562 1.000035674773392 1.0000609003210927
355 3550 0 0 0 0.9999989625872218 1.0000062292487026 1.0000062640757599 0.9999991210028172 1.0000000586958195 0.9999921398969598 0.999994349313938 0.9999889614157988
356 3560 0 0 0 0.999998199173515 1.0000006072389704 1.0000033337858611 0.9999982600825403 0.9999994126876189 0.9999909110863365 0.999981347377108 0.9999478533954993
357 3570 0 0 0 0.9999966055710315 0.9999967937008998 1.0000046812238692 0.9999989056646621 1.0000034558806952 0.9999998389205736 0.9999948448561605 0.9999793799032276
358 3580 0 0 0 0.9999983527558539 0.9999985597289335 1.0000063599851494 1.0000013536666381 1.0000086903524483 1.000010224858153 1.0000150926500901 1.000027381306748
359 3590 0 0 0 1.0000000418557742 1.0000002433527544 1.0000035969841556 0.9999991595620892 1.0000062612710554 1.0000086214181885 1.0000113139256828 1.0000233806986287
360 3600 0 0 0 1.0000003732763976 1.0000009395863925 1.0000037671685647 1.0000009159627672 1.0000101537615549 1.000019489473356 1.000029691713671 1.0000548217639773
361 3610 0 0 0 0.999999236708045 1.0000015784902694 1.0000022095447352 0.999998560791445 1.0000011315725437 1.0000038208184283 1.0000031996301417 1.000001800645016
362 3620 0 0 0 0.9999988830072779 0.9999999405813632 1.0000000507980067 0.9999981908766391 1.0000019100121 1.0000063822930445 1.00001325805169 1.0000275155800655
363 3630 0 0 0 0.999999592812539 0.9999985386402532 0.999996336779483 0.999994469665984 0.9999940347793663 0.9999927397489108 0.9999854245440741 0.9999723449770819
364 3640 0 0 0 0.9999997161956334 0.999999456436089 0.9999953141899156 0.999994484875957 0.99999301079054 0.9999841589168041 0.9999676029632735 0.9999357549845518
365 3650 0 0 0 0.9999986782161798 0.9999976268898205 0.9999970530785128 0.9999970787348212 0.9999931255388916 0.9999859574627376 0.9999707574199858 0.9999439831040327
366 3660 0 0 0 0.9999995573030732 0.9999977547576018 0.9999977890273466 0.9999987434638051 0.9999961414647895 0.9999884917749714 0.9999728731840921 0.9999470883922705
367 3670 0 0 0 0.9999999343123782 0.9999994097809379 0.9999995969997725 0.999999291600711 0.9999951507058785 0.9999883507702642 0.9999761084511524 0.9999515756179145
368 3680 0 0 0 0.9999999313288735 0.9999985657186634 0.9999994695448228 1.0000003460864049 0.9999999130665801 1.0000014066114182 0.9999980489647825 0.9999924525221474
369 3690 0 0 0 1.000001199794821 1.0000000360770058 1.0000015075831095 1.0000014999440745 1.0000009038382536 1.0000002074482601 0.9999977623563566 0.9999935695968999
370 3700 0 0 0 1.0000000956304742 1.0000001352750292 0.9999999895491638 1.0000006784244655 0.9999993248954144 0.9999966361532832 0.9999922727001238 0.9999846217459597
371 3710 0 0 0 1.000000594878441 1.0000020114926933 1.0000009471675415 1.0000012286068576 1.0000006842257831 0.9999995930733613 0.999998834178845 0.9999994478590983
372 3720 0 0 0 1.000000443583766 1.0000013993924488 0.9999997174482611 0.9999998271892802 1.0000000193445011 0.999999697613572 0.999997940460985 0.9999972402374622
373 3730 0 0 0 1.0000010193472755 1.0000025308499645 1.0000015793037034 1.0000033750523425 1.0000053158808577 1.0000108585881529 1.0000207836563952 1.0000424469633165
374 3740 0 0 0 1.0000003950836125 1.0000023847212307 1.0000016316357223 1.000001805994066 1.000000930028558 1.0000012840216368 1.0000013288315632 1.0000032648126276
375 3750 0 0 0 0.9999994687486433 1.00000023721723 0.9999998045989129 0.9999991779914211 0.999998018606592 0.9999965373604895 0.9999917056222488 0.9999837312453401
376 3760 0 0 0 1.0000002863767465 1.0000002241441006 0.9999997848844193 0.9999987712385632 0.9999980108106105 0.999996727733889 0.9999927681432008 0.9999851072212322
377 3770 0 0 0 1.0000004773954794 1.0000007314766852 0.999999621382414 0.9999990320911643 0.9999990732041 0.9999986455350292 0.9999971286431663 0.9999935373322204
378 3780 0 0 0 1.000000572761412 1.0000009806628705 0.9999996484726625 0.9999997395288603 1.0000006366411012 1.0000013252590954 1.0000025754555235 1.0000050632401958
379 3790 0 0 0 0.999999837599778 1.0000003452923927 1.000000107470167 0.9999994881146913 1.0000002549240912 1.0000003476151846 1.0000012308598898 1.0000028417127336
380 3800 0 0 0 0.9999998803618967 0.9999995623254249 0.9999998329644237 0.9999991741400366 0.9999986660087371 0.9999970495915248 0.9999954277026566 0.9999912700875248
381 3810 0 0 0 0.9999998457720188 0.9999999207787759 0.9999998589432995 0.9999993562887256 0.9999989777329181 0.999998526529927 0.9999973923559252 0.9999950164725292
382 3820 0 0 0 0.9999995728624486 1.0000003940177005 1.000000548764557 1.0000004696691815 1.0000001821269469 1.0000007792265282 1.0000012623918313 1.0000024156761929
383 3830 0 0 0 0.999999151697683 0.9999999502654479 1.0000001640093659 1.000000409608952 1.0000006627672442 1.000001753563009 1.000003443599715 1.0000073517795391
384 3840 0 0 0 0.9999994487937262 0.9999998893370763 1.0000006337619995 1.0000005799355915 1.0000007791553511 1.0000020252850867 1.0000047049000926 1.000009415401842
385 3850 0 0 0 0.999999790512775 0.9999997687740455 1.0000005883939502 1.000000349951373 1.0000007843579677 1.0000016823022677 1.0000039941448469 1.000008408891805
386 3860 0 0 0 0.9999998294611525 0.9999998218296057 1.0000003673888962 1.0000005230945102 1.0000011700894702 1.0000025542469335 1.0000051918932087 1.000010944946973
387 3870 0 0 0 1.0000001106835463 1.000000205982474 1.0000002385409397 1.0000002684653266 1.000000840621992 1.0000017835529045 1.0000035658023332 1.000007571643604
388 3880 0 0 0 1.0000001048652498 1.0000001057969938 1.0000001670092116 1.0000001767046425 1.0000000994070608 1.0000003046853705 1.0000006181024577 1.0000015317600608
389 3890 0 0 0 1.0000001086121753 1.0000001270011756 1.0000001990323124 1.0000003052227286 1.0000004374337916 1.0000011787888634 1.000002531152855 1.000005485381193
390 3900 0 0 0 1.0000000134534346 1.000000255572281 1.000000288325935 1.0000002685689664 1.0000005765797713 1.0000014947877758 1.0000032748626855 1.0000065778302492
391 3910 0 0 0 0.9999999897402657 1.0000000338556452 1.0000001642223626 1.000000224851861 1.0000005053300685 1.0000012190622223 1.0000024664171057 1.0000048607246959
392 3920 0 0 0 0.999999947934533 0.9999999464024124 0.9999999136820766 1.0000000326088134 1.000000096792616 1.0000002929937892 1.0000006990279775 1.000001434385802
393 3930 0 0 0 1.0000000550012549 1.000000013320419 1.0000000858695217 1.0000001959194764 1.0000002924577638 1.0000007807435 1.000001699722241 1.000003468601613
394 3940 0 0 0 1.0000000498794854 1.0000000453209346 0.9999999928204921 1.000000027546403 1.0000000233438784 1.0000002094092526 1.0000007416227124 1.000001539919508
395 3950 0 0 0 0.999999934306705 0.9999999509257552 0.9999997668847286 0.9999998590610347 0.9999996989587594 0.9999996750581482 0.9999995776783075 0.9999993041029173
396 3960 0 0 0 0.9999999732549529 1.0000000387454446 0.999999954113649 1.0000001270940944 1.000000162573101 1.0000004589944476 1.0000009197425168 1.000001838185561
397 3970 0 0 0 1.000000011946339 1.0000000603464794 1.0000000810988572 1.0000001615486829 1.0000001796701505 1.0000005362557343 1.0000011010259322 1.0000021376675203
398 3980 0 0 0 1.0000000769549777 1.0000000638401951 1.0000000620786842 1.0000000227329882 0.9999999643277048 1.0000001897062343 1.0000004083281284 1.0000007980208792
399 3990 0 0 0 1.000000061109534 0.9999999987980794 1.0000000830127924 1.0000001030669592 1.0000001952038755 1.0000004865720475 1.0000008224436587 1.0000016800240012
400 4000 0 0 0 1.000000069779507 0.9999999585191081 0.999999956308294 0.9999999450051993 0.999999852972621 0.999999789125116 0.9999994556921569 0.999999003195193
401 4010 0 0 0 1.0000000066029942 0.999999965237782 0.9999999799944133 0.9999999556180824 0.9999998282684016 0.9999997335662691 0.999999401098083 0.9999988539496973
402 4020 0 0 0 0.9999999697815323 1.0000000285323976 1.000000041268021 1.0000000294897502 0.9999999528089686 0.9999999408587775 0.999999869654032 0.9999997446703656
403 4030 0 0 0 0.9999999651399261 0.9999999944502165 0.9999999382910809 0.9999998897418317 0.999999771617029 0.9999996092076373 0.9999993030520268 0.9999985291237288
404 4040 0 0 0 0.9999999862408457 1.0000000080612714 0.9999999999451428 0.9999999401247857 0.9999998941781713 0.9999998749145671 0.999999762854398 0.9999994647360533
405 4050 0 0 0 0.9999999617273682 1.0000000199019385 1.0000000595080667 1.000000055030128 1.0000000747549798 1.000000216052163 1.0000004417652117 1.0000008283330069
406 4060 0 0 0 0.9999999457935093 0.9999999766239033 0.999999993326768 0.9999999311192027 0.9999998911208422 0.9999998765443866 0.9999997514352444 0.9999994639953717
407 4070 0 0 0 0.9999999644235731 0.999999931837969 0.9999999490626582 0.9999998991496502 0.999999902573795 0.9999998806571461 0.9999997273006692 0.999999436979393
408 4080 0 0 0 0.999999945599306 0.9999999157764401 0.999999948688709 0.9999999245107254 0.9999998936499849 0.9999998783312236 0.9999997860964347 0.9999994902336052
409 4090 0 0 0 0.9999999777449863 0.9999999700739387 0.9999999936629911 0.9999999746187399 0.9999999675243054 1.0000000318227544 1.0000000790912602 1.0000000965965483
410 4100 0 0 0 0.9999999846075293 1.000000005966556 1.0000000044191755 0.9999999934584675 0.99999999746774 1.0000000650659873 1.0000001498929443 1.0000002979672709
411 4110 0 0 0 0.9999999928012021 0.999999985954698 1.00000000656268 0.9999999777195466 0.9999999309965105 0.9999999207136696 0.9999998574126755 0.9999996759398828
412 4120 0 0 0 0.9999999965073891 1.0000000054262121 1.0000000166611496 0.9999999997535893 0.9999999780725358 0.9999999827624674 0.9999999633712129 0.9999999144081353
413 4130 0 0 0 0.9999999822942525 0.9999999907123669 1.0000000182244717 0.9999999981449459 0.9999999826064058 0.9999999826610028 0.9999999816027655 0.9999999283095835
414 4140 0 0 0 0.9999999995201834 1.0000000052633269 1.0000000201760102 0.9999999960154342 0.999999984089742 0.9999999889669307 0.9999999683146282 0.9999999062540329
415 4150 0 0 0 1.0000000035949896 1.0000000318259774 1.0000000375215092 1.0000000247275238 1.0000000336096482 1.0000000722448972 1.0000001176763715 1.0000002115581934
416 4160 0 0 0 1.0000000016064865 1.0000000101295272 1.0000000077728721 0.9999999921445786 1.0000000107984295 1.0000000237877724 1.0000000262700375 1.0000000688640938
417 4170 0 0 0 0.9999999829515079 0.9999999896453023 0.9999999959291686 1.0000000018751103 1.0000000218638159 1.0000000505048423 1.0000000992156703 1.0000002376185693
418 4180 0 0 0 0.9999999793981699 0.9999999799169956 0.9999999941651824 0.9999999868742926 0.9999999907947071 0.9999999705344513 0.9999999118253622 0.9999998319196307
419 4190 0 0 0 0.9999999915694213 0.9999999992454603 1.0000000077162194 0.9999999953921058 1.0000000058152094 1.0000000123812955 0.9999999785018352 0.999999980149402
420 4200 0 0 0 0.9999999930904824 0.9999999974347563 1.0000000083194038 0.9999999882091908 0.9999999876943826 0.9999999609560257 0.9999999089032372 0.9999998152657749
421 4210 0 0 0 0.9999999972113837 1.0000000072798847 1.0000000160974472 1.0000000215439733 1.0000000204989365 1.0000000438165169 1.000000083722225 1.0000001518297752
422 4220 0 0 0 1.0000000009430126 1.0000000130452755 1.0000000208240212 1.00000001592785 1.000000011775758 1.0000000248674197 1.0000000585466735 1.0000001103431142
423 4230 0 0 0 0.999999996437264 1.0000000026996965 0.9999999994841665 0.9999999930414873 0.9999999970234108 0.999999984340372 0.9999999701175784 0.9999999397754609
424 4240 0 0 0 0.9999999971450798 1.0000000026992015 0.9999999983672353 0.9999999947088709 0.9999999938769946 0.9999999794190879 0.9999999650013148 0.9999999302606196
425 4250 0 0 0 0.9999999991276225 1.0000000049930484 0.9999999984297828 0.999999997237976 1.000000002000654 0.999999998686429 1.000000015020673 1.000000032742436
426 4260 0 0 0 1.0000000097721287 1.0000000113453595 1.000000007070217 1.0000000090063719 1.000000023819597 1.0000000397177278 1.0000000878936968 1.0000001767722897
427 4270 0 0 0 1.0000000059822536 1.000000004370203 1.000000006648948 1.0000000178951456 1.0000000359079226 1.0000000653528505 1.0000001338425772 1.0000002641693135
428 4280 0 0 0 1.00000000483304 1.000000003264447 1.0000000075272688 1.0000000101407949 1.0000000182099427 1.0000000275230618 1.0000000644023699 1.0000001227956647
429 4290 0 0 0 1.0000000071346509 1.0000000055019396 1.0000000099032695 1.0000000142624728 1.0000000282625052 1.0000000501994963 1.0000001042118638 1.0000002031248307
430 4300 0 0 0 1.0000000005013487 0.9999999997547779 1.0000000045252706 1.0000000087216687 1.000000023535087 1.0000000373236546 1.0000000787274332 1.0000001513576695
431 4310 0 0 0 1.0000000005147056 0.9999999982641414 1.0000000016728077 1.0000000080199865 1.000000018504225 1.000000030345172 1.0000000603080526 1.000000119468817
432 4320 0 0 0 1.0000000004228726 0.9999999987424164 1.000000001061991 1.000000007072835 1.0000000135509914 1.0000000287441544 1.000000060665333 1.000000122838108
433 4330 0 0 0 0.9999999984580517 0.9999999972624891 1.000000000600817 1.0000000036200034 1.0000000113754615 1.0000000207018211 1.000000044031017 1.0000000874186146
434 4340 0 0 0 0.9999999970465241 0.999999998692821 1.0000000040016992 1.000000010906472 1.0000000217925091 1.0000000380924137 1.0000000744898918 1.000000146805243
434 4340 0 0 0 0.9999999970465241 0.999999998692821 1.0000000040016992 1.000000010906472 1.0000000217925091 1.0000000380924137 1.0000000744898918 1.000000146805243
